width: 20
height: 20
body: "<g fill=\"none\"><path fill=\"url(#SVGWhRYwdqV)\" d=\"M12.99 15a3 3 0 1 1-6 0a3 3 0 0 1 6 0\"/><path fill=\"url(#SVGuUHCFapn)\" d=\"M9.988 2c3.15 0 5.744 2.335 5.985 5.356l.013.222l.005.224l-.001 3.606l.954 2.588l.025.084l.016.087l.005.088c0 .315-.196.59-.522.707l-.113.033l-.115.01H3.742a.8.8 0 0 1-.26-.046c-.286-.106-.475-.372-.482-.716l.005-.118l.033-.13l.951-2.584l.002-3.618l.004-.225C4.117 4.451 6.762 2 9.988 2\"/><path fill=\"url(#SVGEWl3yc2m)\" fill-opacity=\".2\" d=\"M9.988 2c3.15 0 5.744 2.335 5.985 5.356l.013.222l.005.224l-.001 3.606l.954 2.588l.025.084l.016.087l.005.088c0 .315-.196.59-.522.707l-.113.033l-.115.01H3.742a.8.8 0 0 1-.26-.046c-.286-.106-.475-.372-.482-.716l.005-.118l.033-.13l.951-2.584l.002-3.618l.004-.225C4.117 4.451 6.762 2 9.988 2\"/><path fill=\"url(#SVGWgCJPbIy)\" d=\"M15 7a2 2 0 1 0 0-4a2 2 0 0 0 0 4\"/><defs><linearGradient id=\"SVGWhRYwdqV\" x1=\"10.01\" x2=\"10.01\" y1=\"14.5\" y2=\"18\" gradientUnits=\"userSpaceOnUse\"><stop stop-color=\"#eb4824\"/><stop offset=\"1\" stop-color=\"#ffcd0f\" stop-opacity=\".988\"/></linearGradient><linearGradient id=\"SVGuUHCFapn\" x1=\"17.01\" x2=\"4.51\" y1=\"15\" y2=\"4\" gradientUnits=\"userSpaceOnUse\"><stop stop-color=\"#ff6f47\"/><stop offset=\"1\" stop-color=\"#ffcd0f\"/></linearGradient><linearGradient id=\"SVGWgCJPbIy\" x1=\"13.143\" x2=\"16.286\" y1=\"3.75\" y2=\"6.25\" gradientUnits=\"userSpaceOnUse\"><stop stop-color=\"#f83f54\"/><stop offset=\"1\" stop-color=\"#b91d6b\"/></linearGradient><radialGradient id=\"SVGEWl3yc2m\" cx=\"0\" cy=\"0\" r=\"1\" gradientTransform=\"matrix(-3.99997 5.50003 -5.91658 -4.3029 15 5)\" gradientUnits=\"userSpaceOnUse\"><stop offset=\".253\" stop-color=\"#ffe994\"/><stop offset=\".648\" stop-color=\"#ffe994\" stop-opacity=\"0\"/></radialGradient></defs></g>"