width: 32
height: 32
body: "<g fill=\"none\"><path fill=\"url(#SVGybQiheuV)\" d=\"M6 25h20.688S26 25.4 26 27s.688 2 .688 2H9a3 3 0 0 1-3-3z\"/><path fill=\"url(#SVG6upNGdOm)\" d=\"M9 28a2 2 0 0 1-2-2h18.25A1.75 1.75 0 0 0 27 24.25V6a4 4 0 0 0-4-4H9a4 4 0 0 0-4 4v20a4 4 0 0 0 4 4h17a1 1 0 1 0 0-2z\"/><path fill=\"url(#SVGATjivcFG)\" fill-opacity=\".3\" d=\"M9 28a2 2 0 0 1-2-2h18.25A1.75 1.75 0 0 0 27 24.25V6a4 4 0 0 0-4-4H9a4 4 0 0 0-4 4v20a4 4 0 0 0 4 4h17a1 1 0 1 0 0-2z\"/><path fill=\"url(#SVGsAvmNAKw)\" fill-opacity=\".3\" d=\"M9 28a2 2 0 0 1-2-2h18.25A1.75 1.75 0 0 0 27 24.25V6a4 4 0 0 0-4-4H9a4 4 0 0 0-4 4v20a4 4 0 0 0 4 4h17a1 1 0 1 0 0-2z\"/><path fill=\"url(#SVGyqoxZGBP)\" fill-opacity=\".9\" d=\"M19 10.5a3 3 0 1 1-6 0a3 3 0 0 1 6 0m2.5 6.75c0 1.868-1.571 3.75-5.5 3.75s-5.5-1.875-5.5-3.75v-.205c0-1.13.916-2.045 2.046-2.045h6.909c1.13 0 2.045.915 2.045 2.045z\"/><defs><linearGradient id=\"SVGybQiheuV\" x1=\"15.565\" x2=\"15.565\" y1=\"28.2\" y2=\"25\" gradientUnits=\"userSpaceOnUse\"><stop stop-color=\"#9deaff\"/><stop offset=\".716\" stop-color=\"#58aafe\"/></linearGradient><linearGradient id=\"SVG6upNGdOm\" x1=\"12.828\" x2=\"17.084\" y1=\"7.239\" y2=\"37.41\" gradientUnits=\"userSpaceOnUse\"><stop stop-color=\"#20ac9d\"/><stop offset=\"1\" stop-color=\"#2052cb\"/></linearGradient><linearGradient id=\"SVGyqoxZGBP\" x1=\"24.255\" x2=\".713\" y1=\"32.571\" y2=\"-2.607\" gradientUnits=\"userSpaceOnUse\"><stop stop-color=\"#9deaff\"/><stop offset=\"1\" stop-color=\"#fff\"/></linearGradient><radialGradient id=\"SVGATjivcFG\" cx=\"0\" cy=\"0\" r=\"1\" gradientTransform=\"matrix(8.5 0 0 4.26316 16 18.5)\" gradientUnits=\"userSpaceOnUse\"><stop stop-color=\"#171155\"/><stop offset=\"1\" stop-color=\"#4a43cb\" stop-opacity=\"0\"/></radialGradient><radialGradient id=\"SVGsAvmNAKw\" cx=\"0\" cy=\"0\" r=\"1\" gradientTransform=\"matrix(3.5 0 0 3.40447 17 10.5)\" gradientUnits=\"userSpaceOnUse\"><stop stop-color=\"#171155\"/><stop offset=\"1\" stop-color=\"#4a43cb\" stop-opacity=\"0\"/></radialGradient></defs></g>"