width: 24
height: 24
body: "<g fill=\"none\"><path fill=\"url(#SVGbChFDdLR)\" d=\"M5 19h15.281S20 19.5 20 20s.281 1 .281 1H6a1 1 0 0 1-1-1z\"/><path fill=\"url(#SVGHFzDzbfN)\" d=\"M4 4.5A2.5 2.5 0 0 1 6.5 2H18a2.5 2.5 0 0 1 2.5 2.5v14.25a.75.75 0 0 1-.75.75H5.5a1 1 0 0 0 1 1h13.25a.75.75 0 0 1 0 1.5H6.5A2.5 2.5 0 0 1 4 19.5z\"/><path fill=\"url(#SVGbhnHFbql)\" d=\"M7 6a1 1 0 0 1 1-1h8a1 1 0 0 1 1 1v2a1 1 0 0 1-1 1H8a1 1 0 0 1-1-1z\"/><path fill=\"url(#SVGXXSVadXO)\" fill-opacity=\".3\" d=\"M4 4.5A2.5 2.5 0 0 1 6.5 2H18a2.5 2.5 0 0 1 2.5 2.5v16.75a.75.75 0 0 1-.75.75H6.5A2.5 2.5 0 0 1 4 19.5z\"/><path fill=\"url(#SVGbKngzbLh)\" fill-opacity=\".3\" d=\"M4 4.5A2.5 2.5 0 0 1 6.5 2H18a2.5 2.5 0 0 1 2.5 2.5v16.75a.75.75 0 0 1-.75.75H6.5A2.5 2.5 0 0 1 4 19.5z\"/><path fill=\"url(#SVGwFhjodGs)\" d=\"M19.5 15.897a9 9 0 0 0 1.5-.338q.527-.17.983-.397c.354-.177.707-.4 1.017-.67V20.5c0 1.38-2.239 2.5-5 2.5c-2.05 0-3.812-.617-4.584-1.5c-.268-.306-.416-.644-.416-1v-6.008c.31.27.663.493 1.017.67c1.071.536 2.48.838 3.983.838c.514 0 1.017-.035 1.5-.104\"/><path fill=\"url(#SVG2uHtKY6U)\" d=\"M19.5 12.114a7.7 7.7 0 0 1 1.5.386c1.214.456 2 1.182 2 2s-.786 1.544-2 2a7.7 7.7 0 0 1-1.5.386A10 10 0 0 1 18 17c-2.761 0-5-1.12-5-2.5s2.239-2.5 5-2.5c.523 0 1.026.04 1.5.114\"/><defs><linearGradient id=\"SVGbChFDdLR\" x1=\"12.174\" x2=\"12.174\" y1=\"20.4\" y2=\"18\" gradientUnits=\"userSpaceOnUse\"><stop stop-color=\"#9deaff\"/><stop offset=\".716\" stop-color=\"#58aafe\"/></linearGradient><linearGradient id=\"SVGHFzDzbfN\" x1=\"9.693\" x2=\"12.681\" y1=\"5.742\" y2=\"27.308\" gradientUnits=\"userSpaceOnUse\"><stop stop-color=\"#20ac9d\"/><stop offset=\"1\" stop-color=\"#2052cb\"/></linearGradient><linearGradient id=\"SVGbhnHFbql\" x1=\"10.449\" x2=\"15.053\" y1=\"4.314\" y2=\"11.478\" gradientUnits=\"userSpaceOnUse\"><stop stop-color=\"#9ff0f9\"/><stop offset=\"1\" stop-color=\"#6ce0ff\"/></linearGradient><linearGradient id=\"SVGwFhjodGs\" x1=\"15.361\" x2=\"21.193\" y1=\"12.575\" y2=\"22.072\" gradientUnits=\"userSpaceOnUse\"><stop stop-color=\"#3bd5ff\"/><stop offset=\"1\" stop-color=\"#4894fe\"/></linearGradient><linearGradient id=\"SVG2uHtKY6U\" x1=\"21.333\" x2=\"15.222\" y1=\"17.5\" y2=\"12\" gradientUnits=\"userSpaceOnUse\"><stop stop-color=\"#66c0ff\"/><stop offset=\"1\" stop-color=\"#c8f3ff\"/></linearGradient><radialGradient id=\"SVGXXSVadXO\" cx=\"0\" cy=\"0\" r=\"1\" gradientTransform=\"rotate(140.194 4.039 13.056)scale(3.90513 4.14359)\" gradientUnits=\"userSpaceOnUse\"><stop stop-color=\"#4a43cb\"/><stop offset=\"1\" stop-color=\"#4a43cb\" stop-opacity=\"0\"/></radialGradient><radialGradient id=\"SVGbKngzbLh\" cx=\"0\" cy=\"0\" r=\"1\" gradientTransform=\"matrix(0 -7.5 3.875 0 15 19.5)\" gradientUnits=\"userSpaceOnUse\"><stop stop-color=\"#171155\"/><stop offset=\".328\" stop-color=\"#171155\"/><stop offset=\"1\" stop-color=\"#4a43cb\" stop-opacity=\"0\"/></radialGradient></defs></g>"