width: 32
height: 32
body: "<g fill=\"none\"><path fill=\"#70777d\" d=\"M15 5h2v3h-2z\"/><path fill=\"#f83f54\" d=\"M15 3a1 1 0 0 1 1-1h4a1 1 0 0 1 1 1v2a1 1 0 0 1-1 1h-4a1 1 0 0 1-1-1z\"/><path fill=\"url(#SVGy3V3UqpX)\" d=\"M7 16a9 9 0 1 1 18 0v1H7z\"/><path fill=\"url(#SVGWrXZjfsL)\" d=\"M7 16a9 9 0 1 1 18 0v1H7z\"/><path fill=\"url(#SVGfBTqTc7z)\" d=\"M2 19a3 3 0 0 1 3-3h22a3 3 0 0 1 3 3v9a1 1 0 0 1-1 1H3a1 1 0 0 1-1-1z\"/><path fill=\"url(#SVGXzPU7dpD)\" fill-opacity=\".6\" d=\"M2 19a3 3 0 0 1 3-3h22a3 3 0 0 1 3 3v9a1 1 0 0 1-1 1H3a1 1 0 0 1-1-1z\"/><path fill=\"#55595e\" d=\"M13 23a1 1 0 0 1 1-1h4a1 1 0 0 1 1 1v6h-6z\"/><path fill=\"#63686e\" d=\"M8 20a1 1 0 0 1 1 1v3a1 1 0 0 1-2 0v-3a1 1 0 0 1 1-1m17 1a1 1 0 1 0-2 0v3a1 1 0 0 0 2 0z\"/><path fill=\"#ca6407\" d=\"M21 12a1 1 0 1 0-2 0v2a1 1 0 1 0 2 0zm-5-1a1 1 0 0 1 1 1v2a1 1 0 1 1-2 0v-2a1 1 0 0 1 1-1m-3 1a1 1 0 1 0-2 0v2a1 1 0 1 0 2 0z\"/><defs><radialGradient id=\"SVGWrXZjfsL\" cx=\"0\" cy=\"0\" r=\"1\" gradientTransform=\"matrix(0 5.38462 -9.60611 0 22.3 8.538)\" gradientUnits=\"userSpaceOnUse\"><stop stop-color=\"#ffd638\"/><stop offset=\"1\" stop-color=\"#ffd638\" stop-opacity=\"0\"/></radialGradient><radialGradient id=\"SVGXzPU7dpD\" cx=\"0\" cy=\"0\" r=\"1\" gradientTransform=\"matrix(-.875 7.42858 -15.7514 -1.85533 28.25 16)\" gradientUnits=\"userSpaceOnUse\"><stop stop-color=\"#ffb357\"/><stop offset=\"1\" stop-color=\"#ffb357\" stop-opacity=\"0\"/></radialGradient><linearGradient id=\"SVGy3V3UqpX\" x1=\"16\" x2=\"16\" y1=\"7\" y2=\"17\" gradientUnits=\"userSpaceOnUse\"><stop stop-color=\"#ffc205\"/><stop offset=\".735\" stop-color=\"#ffa43d\"/><stop offset=\"1\" stop-color=\"#e67505\"/></linearGradient><linearGradient id=\"SVGfBTqTc7z\" x1=\"12.938\" x2=\"26.418\" y1=\"16\" y2=\"29.36\" gradientUnits=\"userSpaceOnUse\"><stop stop-color=\"#aab3bd\"/><stop offset=\"1\" stop-color=\"#889096\"/></linearGradient></defs></g>"