width: 28
height: 28
body: "<g fill=\"none\"><path fill=\"url(#SVGimdR2dxw)\" d=\"M5 6.75A2.75 2.75 0 0 1 7.75 4h12.5A2.75 2.75 0 0 1 23 6.75v16.5A2.75 2.75 0 0 1 20.25 26H7.75A2.75 2.75 0 0 1 5 23.25z\"/><path fill=\"url(#SVGp7uXmcjZ)\" fill-opacity=\".7\" d=\"M5 6.75A2.75 2.75 0 0 1 7.75 4h12.5A2.75 2.75 0 0 1 23 6.75v16.5A2.75 2.75 0 0 1 20.25 26H7.75A2.75 2.75 0 0 1 5 23.25z\"/><path fill=\"url(#SVG72g2Wdhy)\" fill-opacity=\".4\" d=\"M5 6.75A2.75 2.75 0 0 1 7.75 4h12.5A2.75 2.75 0 0 1 23 6.75v16.5A2.75 2.75 0 0 1 20.25 26H7.75A2.75 2.75 0 0 1 5 23.25z\"/><path fill=\"url(#SVGEgJUAbhN)\" d=\"M9.5 4.5A2.5 2.5 0 0 1 12 2h4a2.5 2.5 0 0 1 0 5h-4a2.5 2.5 0 0 1-2.5-2.5\"/><defs><radialGradient id=\"SVGp7uXmcjZ\" cx=\"0\" cy=\"0\" r=\"1\" gradientTransform=\"matrix(0 7.53979 -6.96094 0 14 2.778)\" gradientUnits=\"userSpaceOnUse\"><stop stop-color=\"#0a1852\"/><stop offset=\".97\" stop-color=\"#0a1852\" stop-opacity=\"0\"/></radialGradient><radialGradient id=\"SVG72g2Wdhy\" cx=\"0\" cy=\"0\" r=\"1\" gradientTransform=\"matrix(0 3.38176 -5.51953 0 14 5.078)\" gradientUnits=\"userSpaceOnUse\"><stop stop-color=\"#0a1852\"/><stop offset=\"1\" stop-color=\"#0a1852\" stop-opacity=\"0\"/></radialGradient><linearGradient id=\"SVGimdR2dxw\" x1=\"5\" x2=\"22.549\" y1=\"6.2\" y2=\"26.392\" gradientUnits=\"userSpaceOnUse\"><stop stop-color=\"#36dff1\"/><stop offset=\"1\" stop-color=\"#0094f0\"/></linearGradient><linearGradient id=\"SVGEgJUAbhN\" x1=\"14\" x2=\"14\" y1=\"2\" y2=\"7\" gradientUnits=\"userSpaceOnUse\"><stop stop-color=\"#ffe06b\"/><stop offset=\"1\" stop-color=\"#fab500\"/></linearGradient></defs></g>"