width: 24
height: 24
body: "<g fill=\"none\"><path fill=\"url(#SVG7mcdEcdf)\" d=\"M4 6.25A2.25 2.25 0 0 1 6.25 4h11.5A2.25 2.25 0 0 1 20 6.25v13.5A2.25 2.25 0 0 1 17.75 22H6.25A2.25 2.25 0 0 1 4 19.75z\"/><path fill=\"url(#SVGbRPXPcBT)\" fill-opacity=\".7\" d=\"M4 6.25A2.25 2.25 0 0 1 6.25 4h11.5A2.25 2.25 0 0 1 20 6.25v13.5A2.25 2.25 0 0 1 17.75 22H6.25A2.25 2.25 0 0 1 4 19.75z\"/><path fill=\"url(#SVGGdaaheOL)\" fill-opacity=\".4\" d=\"M4 6.25A2.25 2.25 0 0 1 6.25 4h11.5A2.25 2.25 0 0 1 20 6.25v13.5A2.25 2.25 0 0 1 17.75 22H6.25A2.25 2.25 0 0 1 4 19.75z\"/><path fill=\"url(#SVGCGdsMzai)\" d=\"M8 4.25a2.25 2.25 0 0 0 2.25 2.25h3.5a2.25 2.25 0 0 0 0-4.5h-3.5A2.25 2.25 0 0 0 8 4.25\"/><defs><radialGradient id=\"SVGbRPXPcBT\" cx=\"0\" cy=\"0\" r=\"1\" gradientTransform=\"matrix(0 6.16892 -6.75 0 12 3)\" gradientUnits=\"userSpaceOnUse\"><stop stop-color=\"#0a1852\"/><stop offset=\".9\" stop-color=\"#0a1852\" stop-opacity=\"0\"/></radialGradient><radialGradient id=\"SVGGdaaheOL\" cx=\"0\" cy=\"0\" r=\"1\" gradientTransform=\"matrix(0 2.79325 -4.95298 0 12 4.618)\" gradientUnits=\"userSpaceOnUse\"><stop stop-color=\"#0a1852\"/><stop offset=\"1\" stop-color=\"#0a1852\" stop-opacity=\"0\"/></radialGradient><linearGradient id=\"SVG7mcdEcdf\" x1=\"4\" x2=\"18.146\" y1=\"5.8\" y2=\"23.483\" gradientUnits=\"userSpaceOnUse\"><stop stop-color=\"#36dff1\"/><stop offset=\"1\" stop-color=\"#0094f0\"/></linearGradient><linearGradient id=\"SVGCGdsMzai\" x1=\"12\" x2=\"12\" y1=\"2\" y2=\"6.5\" gradientUnits=\"userSpaceOnUse\"><stop stop-color=\"#ffe06b\"/><stop offset=\"1\" stop-color=\"#fab500\"/></linearGradient></defs></g>"