width: 16
height: 16
body: "<g fill=\"none\"><path fill=\"url(#SVG8IW38dSG)\" d=\"M4.03 5.507a4 4 0 0 1 7.94 0A3.25 3.25 0 0 1 11.75 12h-7.5a3.25 3.25 0 0 1-.22-6.493\"/><path fill=\"url(#SVGrl7xrNZq)\" fill-opacity=\".3\" d=\"M7.5 8.75a3.25 3.25 0 1 1-6.5 0a3.25 3.25 0 0 1 6.5 0\"/><path fill=\"url(#SVGmWf6BbWT)\" fill-opacity=\".3\" d=\"M8 10a4 4 0 1 0-3.97-4.493q.11-.007.22-.007a3.25 3.25 0 0 1 3.027 4.435Q7.63 10 8 10\"/><path fill=\"url(#SVGaGBtedbX)\" d=\"M8 10a4 4 0 1 0-3.97-4.493q.11-.007.22-.007a3.25 3.25 0 0 1 3.027 4.435Q7.63 10 8 10\"/><path fill=\"url(#SVGmJ3YVcGs)\" fill-opacity=\".5\" d=\"M4.03 5.507a4 4 0 0 1 7.94 0A3.25 3.25 0 0 1 11.75 12h-7.5a3.25 3.25 0 0 1-.22-6.493\"/><path fill=\"url(#SVGNDtTwesT)\" fill-opacity=\".5\" d=\"M4.03 5.507a4 4 0 0 1 7.94 0A3.25 3.25 0 0 1 11.75 12h-7.5a3.25 3.25 0 0 1-.22-6.493\"/><path fill=\"url(#SVGmG8QgcpY)\" d=\"M15 10.5a4.5 4.5 0 1 1-9 0a4.5 4.5 0 0 1 9 0\"/><path fill=\"url(#SVGM6uhqeEo)\" fill-rule=\"evenodd\" d=\"M8.646 8.646a.5.5 0 0 1 .708 0L10.5 9.793l1.146-1.147a.5.5 0 0 1 .708.708L11.207 10.5l1.147 1.146a.5.5 0 0 1-.708.708L10.5 11.207l-1.146 1.147a.5.5 0 0 1-.708-.708L9.793 10.5L8.646 9.354a.5.5 0 0 1 0-.708\" clip-rule=\"evenodd\"/><defs><linearGradient id=\"SVG8IW38dSG\" x1=\"1.5\" x2=\"7.948\" y1=\"3.875\" y2=\"13.254\" gradientUnits=\"userSpaceOnUse\"><stop stop-color=\"#0fafff\"/><stop offset=\"1\" stop-color=\"#367af2\"/></linearGradient><linearGradient id=\"SVGrl7xrNZq\" x1=\"1\" x2=\"5.382\" y1=\"6.613\" y2=\"10.492\" gradientUnits=\"userSpaceOnUse\"><stop stop-color=\"#fff\"/><stop offset=\"1\" stop-color=\"#fcfcfc\" stop-opacity=\"0\"/></linearGradient><linearGradient id=\"SVGmWf6BbWT\" x1=\"5.412\" x2=\"6.471\" y1=\"2.45\" y2=\"7.965\" gradientUnits=\"userSpaceOnUse\"><stop stop-color=\"#fff\"/><stop offset=\"1\" stop-color=\"#fcfcfc\" stop-opacity=\"0\"/></linearGradient><linearGradient id=\"SVGmG8QgcpY\" x1=\"7.406\" x2=\"14.25\" y1=\"6.563\" y2=\"16.5\" gradientUnits=\"userSpaceOnUse\"><stop stop-color=\"#f83f54\"/><stop offset=\"1\" stop-color=\"#ca2134\"/></linearGradient><linearGradient id=\"SVGM6uhqeEo\" x1=\"8.977\" x2=\"10.771\" y1=\"10.652\" y2=\"12.518\" gradientUnits=\"userSpaceOnUse\"><stop stop-color=\"#fdfdfd\"/><stop offset=\"1\" stop-color=\"#fecbe6\"/></linearGradient><radialGradient id=\"SVGaGBtedbX\" cx=\"0\" cy=\"0\" r=\"1\" gradientTransform=\"matrix(4.49228 -1.9 1.69846 4.01577 4.342 8.55)\" gradientUnits=\"userSpaceOnUse\"><stop offset=\".412\" stop-color=\"#2c87f5\"/><stop offset=\"1\" stop-color=\"#2c87f5\" stop-opacity=\"0\"/></radialGradient><radialGradient id=\"SVGmJ3YVcGs\" cx=\"0\" cy=\"0\" r=\"1\" gradientTransform=\"rotate(64.034 2.609 6.618)scale(12.3236 87.8769)\" gradientUnits=\"userSpaceOnUse\"><stop offset=\".5\" stop-color=\"#dd3ce2\" stop-opacity=\"0\"/><stop offset=\"1\" stop-color=\"#dd3ce2\"/></radialGradient><radialGradient id=\"SVGNDtTwesT\" cx=\"0\" cy=\"0\" r=\"1\" gradientTransform=\"matrix(0 7 -6 0 10.5 12)\" gradientUnits=\"userSpaceOnUse\"><stop offset=\".375\" stop-color=\"#0d1f69\"/><stop offset=\"1\" stop-color=\"#0d1f69\" stop-opacity=\"0\"/></radialGradient></defs></g>"