width: 28
height: 28
body: "<g fill=\"none\"><path fill=\"url(#SVGpruRKd4p)\" d=\"M14 3a7 7 0 0 0-6.931 6.017A5.5 5.5 0 0 0 7.5 20h13a5.5 5.5 0 0 0 .431-10.983A7 7 0 0 0 14 3\"/><path fill=\"url(#SVGPEaEk2jc)\" fill-opacity=\".3\" d=\"M13 14.5a5.5 5.5 0 1 1-11 0a5.5 5.5 0 0 1 11 0\"/><path fill=\"url(#SVGGvmLAbLp)\" fill-opacity=\".3\" d=\"M14 17a7 7 0 1 0-6.931-7.983Q7.282 9 7.5 9a5.5 5.5 0 0 1 4.981 7.835q.736.163 1.519.165\"/><path fill=\"url(#SVGuXtJ0bYn)\" d=\"M14 17a7 7 0 1 0-6.931-7.983Q7.282 9 7.5 9a5.5 5.5 0 0 1 4.981 7.835q.736.163 1.519.165\"/><path fill=\"url(#SVGsSjIXdkW)\" fill-opacity=\".5\" d=\"M14 3a7 7 0 0 0-6.931 6.017A5.5 5.5 0 0 0 7.5 20h13a5.5 5.5 0 0 0 .431-10.983A7 7 0 0 0 14 3\"/><path fill=\"url(#SVGFk6jYcxW)\" fill-opacity=\".5\" d=\"M14 3a7 7 0 0 0-6.931 6.017A5.5 5.5 0 0 0 7.5 20h13a5.5 5.5 0 0 0 .431-10.983A7 7 0 0 0 14 3\"/><path fill=\"url(#SVGXajZlQQP)\" d=\"M26 19.5a6.5 6.5 0 1 1-13 0a6.5 6.5 0 0 1 13 0\"/><path fill=\"url(#SVGherWScOf)\" fill-rule=\"evenodd\" d=\"M16.146 16.146a.5.5 0 0 1 .708 0l2.646 2.647l2.646-2.647a.5.5 0 0 1 .708.708L20.207 19.5l2.647 2.646a.5.5 0 0 1-.708.708L19.5 20.207l-2.646 2.647a.5.5 0 0 1-.708-.708l2.647-2.646l-2.647-2.646a.5.5 0 0 1 0-.708\" clip-rule=\"evenodd\"/><defs><linearGradient id=\"SVGpruRKd4p\" x1=\"2.857\" x2=\"13.786\" y1=\"6.188\" y2=\"22.218\" gradientUnits=\"userSpaceOnUse\"><stop stop-color=\"#0fafff\"/><stop offset=\"1\" stop-color=\"#367af2\"/></linearGradient><linearGradient id=\"SVGPEaEk2jc\" x1=\"2\" x2=\"9.415\" y1=\"10.884\" y2=\"17.448\" gradientUnits=\"userSpaceOnUse\"><stop stop-color=\"#fff\"/><stop offset=\"1\" stop-color=\"#fcfcfc\" stop-opacity=\"0\"/></linearGradient><linearGradient id=\"SVGGvmLAbLp\" x1=\"9.484\" x2=\"11.338\" y1=\"3.788\" y2=\"13.439\" gradientUnits=\"userSpaceOnUse\"><stop stop-color=\"#fff\"/><stop offset=\"1\" stop-color=\"#fcfcfc\" stop-opacity=\"0\"/></linearGradient><linearGradient id=\"SVGXajZlQQP\" x1=\"15.031\" x2=\"24.917\" y1=\"13.813\" y2=\"28.167\" gradientUnits=\"userSpaceOnUse\"><stop stop-color=\"#f83f54\"/><stop offset=\"1\" stop-color=\"#ca2134\"/></linearGradient><linearGradient id=\"SVGherWScOf\" x1=\"16.835\" x2=\"19.975\" y1=\"19.767\" y2=\"23.032\" gradientUnits=\"userSpaceOnUse\"><stop stop-color=\"#fdfdfd\"/><stop offset=\"1\" stop-color=\"#fecbe6\"/></linearGradient><radialGradient id=\"SVGuXtJ0bYn\" cx=\"0\" cy=\"0\" r=\"1\" gradientTransform=\"rotate(-22.95 39.43 -11.523)scale(8.52745 7.62899)\" gradientUnits=\"userSpaceOnUse\"><stop offset=\".412\" stop-color=\"#2c87f5\"/><stop offset=\"1\" stop-color=\"#2c87f5\" stop-opacity=\"0\"/></radialGradient><radialGradient id=\"SVGsSjIXdkW\" cx=\"0\" cy=\"0\" r=\"1\" gradientTransform=\"rotate(63.844 4.945 11.402)scale(20.984 150.403)\" gradientUnits=\"userSpaceOnUse\"><stop offset=\".5\" stop-color=\"#dd3ce2\" stop-opacity=\"0\"/><stop offset=\"1\" stop-color=\"#dd3ce2\"/></radialGradient><radialGradient id=\"SVGFk6jYcxW\" cx=\"0\" cy=\"0\" r=\"1\" gradientTransform=\"matrix(0 10 -9.70588 0 19.5 22)\" gradientUnits=\"userSpaceOnUse\"><stop offset=\".288\" stop-color=\"#0d1f69\"/><stop offset=\"1\" stop-color=\"#0d1f69\" stop-opacity=\"0\"/></radialGradient></defs></g>"