width: 24
height: 24
body: "<g fill=\"none\"><path fill=\"url(#SVGA3JqsQtX)\" d=\"M6.08 8.02a6.001 6.001 0 0 1 11.84 0A4.5 4.5 0 0 1 17.5 17h-11a4.5 4.5 0 0 1-.42-8.98\"/><path fill=\"url(#SVGoN5VXbam)\" fill-opacity=\".3\" d=\"M11 12.5a4.5 4.5 0 1 1-9 0a4.5 4.5 0 0 1 9 0\"/><path fill=\"url(#SVGnvut4cFf)\" fill-opacity=\".3\" d=\"M12 15a6 6 0 1 0-5.92-6.98Q6.288 8 6.5 8a4.5 4.5 0 0 1 3.881 6.779a6 6 0 0 0 1.62.221\"/><path fill=\"url(#SVGhRhfzdMz)\" d=\"M12 15a6 6 0 1 0-5.92-6.98Q6.288 8 6.5 8a4.5 4.5 0 0 1 3.881 6.779a6 6 0 0 0 1.62.221\"/><path fill=\"url(#SVG2D6uEd4H)\" fill-opacity=\".5\" d=\"M6.08 8.02a6.001 6.001 0 0 1 11.84 0A4.5 4.5 0 0 1 17.5 17h-11a4.5 4.5 0 0 1-.42-8.98\"/><path fill=\"url(#SVGO4VNYd9N)\" fill-opacity=\".5\" d=\"M6.08 8.02a6.001 6.001 0 0 1 11.84 0A4.5 4.5 0 0 1 17.5 17h-11a4.5 4.5 0 0 1-.42-8.98\"/><path fill=\"url(#SVGjk4NDdgg)\" d=\"M16.5 11a5.5 5.5 0 1 1 0 11a5.5 5.5 0 0 1 0-11\"/><path fill=\"url(#SVGZ7dJmdvB)\" d=\"M14.024 14.024a.5.5 0 0 0 0 .708l1.77 1.77l-1.767 1.766a.5.5 0 1 0 .707.707l1.766-1.767l1.77 1.77a.5.5 0 0 0 .707-.708l-1.769-1.769l1.771-1.77a.5.5 0 0 0-.707-.707l-1.77 1.77l-1.771-1.77a.5.5 0 0 0-.707 0\"/><defs><linearGradient id=\"SVGA3JqsQtX\" x1=\"2.714\" x2=\"11.675\" y1=\"5.625\" y2=\"18.925\" gradientUnits=\"userSpaceOnUse\"><stop stop-color=\"#0fafff\"/><stop offset=\"1\" stop-color=\"#367af2\"/></linearGradient><linearGradient id=\"SVGoN5VXbam\" x1=\"2\" x2=\"8.067\" y1=\"9.542\" y2=\"14.912\" gradientUnits=\"userSpaceOnUse\"><stop stop-color=\"#fff\"/><stop offset=\"1\" stop-color=\"#fcfcfc\" stop-opacity=\"0\"/></linearGradient><linearGradient id=\"SVGnvut4cFf\" x1=\"8.146\" x2=\"9.739\" y1=\"3.675\" y2=\"11.946\" gradientUnits=\"userSpaceOnUse\"><stop stop-color=\"#fff\"/><stop offset=\"1\" stop-color=\"#fcfcfc\" stop-opacity=\"0\"/></linearGradient><linearGradient id=\"SVGjk4NDdgg\" x1=\"12.719\" x2=\"21.083\" y1=\"11.688\" y2=\"23.833\" gradientUnits=\"userSpaceOnUse\"><stop stop-color=\"#f83f54\"/><stop offset=\"1\" stop-color=\"#ca2134\"/></linearGradient><linearGradient id=\"SVGZ7dJmdvB\" x1=\"14.503\" x2=\"16.857\" y1=\"16.701\" y2=\"19.149\" gradientUnits=\"userSpaceOnUse\"><stop stop-color=\"#fdfdfd\"/><stop offset=\"1\" stop-color=\"#fecbe6\"/></linearGradient><radialGradient id=\"SVGhRhfzdMz\" cx=\"0\" cy=\"0\" r=\"1\" gradientTransform=\"matrix(6.71887 -2.85 2.55285 6.01833 6.547 12.825)\" gradientUnits=\"userSpaceOnUse\"><stop offset=\".412\" stop-color=\"#2c87f5\"/><stop offset=\"1\" stop-color=\"#2c87f5\" stop-opacity=\"0\"/></radialGradient><radialGradient id=\"SVG2D6uEd4H\" cx=\"0\" cy=\"0\" r=\"1\" gradientTransform=\"rotate(63.575 3.869 10.072)scale(17.3211 125.045)\" gradientUnits=\"userSpaceOnUse\"><stop offset=\".5\" stop-color=\"#dd3ce2\" stop-opacity=\"0\"/><stop offset=\"1\" stop-color=\"#dd3ce2\"/></radialGradient><radialGradient id=\"SVGO4VNYd9N\" cx=\"0\" cy=\"0\" r=\"1\" gradientTransform=\"matrix(0 8.27273 -8.125 0 16.375 18.91)\" gradientUnits=\"userSpaceOnUse\"><stop offset=\".288\" stop-color=\"#0d1f69\"/><stop offset=\"1\" stop-color=\"#0d1f69\" stop-opacity=\"0\"/></radialGradient></defs></g>"