width: 20
height: 20
body: "<g fill=\"none\"><path fill=\"url(#SVGbw5FpdRk)\" d=\"M14.916 6.376a.75.75 0 0 1 .208 1.04l-2 3a.75.75 0 0 1-1.248-.832l2-3a.75.75 0 0 1 1.04-.208\"/><path fill=\"url(#SVGJHExpjAi)\" d=\"M14.916 6.376a.75.75 0 0 1 .208 1.04l-2 3a.75.75 0 0 1-1.248-.832l2-3a.75.75 0 0 1 1.04-.208\"/><path fill=\"url(#SVGVTgPecXY)\" d=\"M14.916 6.376a.75.75 0 0 1 .208 1.04l-2 3a.75.75 0 0 1-1.248-.832l2-3a.75.75 0 0 1 1.04-.208\"/><path fill=\"url(#SVGTwcGxd5L)\" d=\"M14.916 6.376a.75.75 0 0 1 .208 1.04l-2 3a.75.75 0 0 1-1.248-.832l2-3a.75.75 0 0 1 1.04-.208\"/><path fill=\"url(#SVGbw5FpdRk)\" d=\"M10.44 11.955a.75.75 0 0 1-.395.984l-3.5 1.5a.75.75 0 1 1-.59-1.378l3.5-1.5a.75.75 0 0 1 .984.393\"/><path fill=\"url(#SVGJHExpjAi)\" d=\"M10.44 11.955a.75.75 0 0 1-.395.984l-3.5 1.5a.75.75 0 1 1-.59-1.378l3.5-1.5a.75.75 0 0 1 .984.393\"/><path fill=\"url(#SVGVTgPecXY)\" d=\"M10.44 11.955a.75.75 0 0 1-.395.984l-3.5 1.5a.75.75 0 1 1-.59-1.378l3.5-1.5a.75.75 0 0 1 .984.393\"/><path fill=\"url(#SVGTwcGxd5L)\" d=\"M10.44 11.955a.75.75 0 0 1-.395.984l-3.5 1.5a.75.75 0 1 1-.59-1.378l3.5-1.5a.75.75 0 0 1 .984.393\"/><circle cx=\"4.5\" cy=\"14.5\" r=\"2.5\" fill=\"url(#SVGIx7g3dFM)\"/><circle cx=\"11.5\" cy=\"11.5\" r=\"2.5\" fill=\"url(#SVGaNVRwiAv)\"/><circle cx=\"15.5\" cy=\"5.5\" r=\"2.5\" fill=\"url(#SVGtbPbferW)\"/><defs><radialGradient id=\"SVGJHExpjAi\" cx=\"0\" cy=\"0\" r=\"1\" gradientTransform=\"matrix(3.278 -.17291 .20435 3.87407 11.5 11.5)\" gradientUnits=\"userSpaceOnUse\"><stop offset=\".549\" stop-color=\"#70777d\"/><stop offset=\"1\" stop-color=\"#70777d\" stop-opacity=\"0\"/></radialGradient><radialGradient id=\"SVGVTgPecXY\" cx=\"0\" cy=\"0\" r=\"1\" gradientTransform=\"matrix(.5 3.5 -4.13644 .59092 15.5 5.5)\" gradientUnits=\"userSpaceOnUse\"><stop offset=\".549\" stop-color=\"#70777d\"/><stop offset=\"1\" stop-color=\"#70777d\" stop-opacity=\"0\"/></radialGradient><radialGradient id=\"SVGTwcGxd5L\" cx=\"0\" cy=\"0\" r=\"1\" gradientTransform=\"matrix(3.5 1 -1.18184 4.13645 4.5 14.5)\" gradientUnits=\"userSpaceOnUse\"><stop offset=\".549\" stop-color=\"#70777d\"/><stop offset=\"1\" stop-color=\"#70777d\" stop-opacity=\"0\"/></radialGradient><linearGradient id=\"SVGbw5FpdRk\" x1=\"5.5\" x2=\"16.5\" y1=\"6.25\" y2=\"17\" gradientUnits=\"userSpaceOnUse\"><stop stop-color=\"#b9c0c7\"/><stop offset=\"1\" stop-color=\"#70777d\"/></linearGradient><linearGradient id=\"SVGIx7g3dFM\" x1=\"2.625\" x2=\"8.003\" y1=\"12.208\" y2=\"18.57\" gradientUnits=\"userSpaceOnUse\"><stop stop-color=\"#36dff1\"/><stop offset=\"1\" stop-color=\"#0078d4\"/></linearGradient><linearGradient id=\"SVGaNVRwiAv\" x1=\"14\" x2=\"6\" y1=\"14\" y2=\"6\" gradientUnits=\"userSpaceOnUse\"><stop stop-color=\"#6d37cd\"/><stop offset=\".641\" stop-color=\"#ea71ef\"/></linearGradient><linearGradient id=\"SVGtbPbferW\" x1=\"17.583\" x2=\"14\" y1=\"7.083\" y2=\"3\" gradientUnits=\"userSpaceOnUse\"><stop stop-color=\"#e23cb4\"/><stop offset=\"1\" stop-color=\"#ea71ef\"/></linearGradient></defs></g>"