width: 32
height: 32
body: "<g fill=\"none\"><path fill=\"#000\" d=\"M24.1 11.2a1 1 0 0 1 .2 1.4l-3 4a1 1 0 1 1-1.6-1.2l3-4a1 1 0 0 1 1.4-.2\"/><path fill=\"url(#SVGQCHkhySd)\" d=\"M24.1 11.2a1 1 0 0 1 .2 1.4l-3 4a1 1 0 1 1-1.6-1.2l3-4a1 1 0 0 1 1.4-.2\"/><path fill=\"url(#SVGiwG4ObOc)\" d=\"M24.1 11.2a1 1 0 0 1 .2 1.4l-3 4a1 1 0 1 1-1.6-1.2l3-4a1 1 0 0 1 1.4-.2\"/><path fill=\"url(#SVGCLqgkcKA)\" d=\"M24.1 11.2a1 1 0 0 1 .2 1.4l-3 4a1 1 0 1 1-1.6-1.2l3-4a1 1 0 0 1 1.4-.2\"/><path fill=\"url(#SVGjvWLed1K)\" d=\"M24.1 11.2a1 1 0 0 1 .2 1.4l-3 4a1 1 0 1 1-1.6-1.2l3-4a1 1 0 0 1 1.4-.2\"/><path fill=\"#000\" d=\"M16.949 19.684a1 1 0 0 1-.633 1.265l-6 2a1 1 0 0 1-.632-1.898l6-2a1 1 0 0 1 1.265.633\"/><path fill=\"url(#SVGQCHkhySd)\" d=\"M16.949 19.684a1 1 0 0 1-.633 1.265l-6 2a1 1 0 0 1-.632-1.898l6-2a1 1 0 0 1 1.265.633\"/><path fill=\"url(#SVGiwG4ObOc)\" d=\"M16.949 19.684a1 1 0 0 1-.633 1.265l-6 2a1 1 0 0 1-.632-1.898l6-2a1 1 0 0 1 1.265.633\"/><path fill=\"url(#SVGCLqgkcKA)\" d=\"M16.949 19.684a1 1 0 0 1-.633 1.265l-6 2a1 1 0 0 1-.632-1.898l6-2a1 1 0 0 1 1.265.633\"/><path fill=\"url(#SVGjvWLed1K)\" d=\"M16.949 19.684a1 1 0 0 1-.633 1.265l-6 2a1 1 0 0 1-.632-1.898l6-2a1 1 0 0 1 1.265.633\"/><path fill=\"#000\" d=\"M7 19a4 4 0 1 0 0 8a4 4 0 0 0 0-8\"/><path fill=\"url(#SVGe7K6xc1i)\" d=\"M7 19a4 4 0 1 0 0 8a4 4 0 0 0 0-8\"/><path fill=\"#000\" d=\"M19 15a4 4 0 1 0 0 8a4 4 0 0 0 0-8\"/><path fill=\"url(#SVGv37V6bRY)\" d=\"M19 15a4 4 0 1 0 0 8a4 4 0 0 0 0-8\"/><path fill=\"#000\" d=\"M25 5a4 4 0 1 0 0 8a4 4 0 0 0 0-8\"/><path fill=\"url(#SVG341rIe3L)\" d=\"M25 5a4 4 0 1 0 0 8a4 4 0 0 0 0-8\"/><defs><radialGradient id=\"SVGiwG4ObOc\" cx=\"0\" cy=\"0\" r=\"1\" gradientTransform=\"matrix(5.5 1 -1.09478 6.02134 7 23)\" gradientUnits=\"userSpaceOnUse\"><stop offset=\".549\" stop-color=\"#70777d\"/><stop offset=\"1\" stop-color=\"#70777d\" stop-opacity=\"0\"/></radialGradient><radialGradient id=\"SVGCLqgkcKA\" cx=\"0\" cy=\"0\" r=\"1\" gradientTransform=\"matrix(0 5.5 -7.08693 0 25 9)\" gradientUnits=\"userSpaceOnUse\"><stop offset=\".549\" stop-color=\"#70777d\"/><stop offset=\"1\" stop-color=\"#70777d\" stop-opacity=\"0\"/></radialGradient><radialGradient id=\"SVGjvWLed1K\" cx=\"0\" cy=\"0\" r=\"1\" gradientTransform=\"matrix(6 0 0 5.41767 19 19)\" gradientUnits=\"userSpaceOnUse\"><stop offset=\".549\" stop-color=\"#70777d\"/><stop offset=\"1\" stop-color=\"#70777d\" stop-opacity=\"0\"/></radialGradient><linearGradient id=\"SVGQCHkhySd\" x1=\"9\" x2=\"24.969\" y1=\"11\" y2=\"28.057\" gradientUnits=\"userSpaceOnUse\"><stop stop-color=\"#b9c0c7\"/><stop offset=\"1\" stop-color=\"#70777d\"/></linearGradient><linearGradient id=\"SVGe7K6xc1i\" x1=\"4\" x2=\"12.605\" y1=\"19.333\" y2=\"29.513\" gradientUnits=\"userSpaceOnUse\"><stop stop-color=\"#36dff1\"/><stop offset=\"1\" stop-color=\"#0078d4\"/></linearGradient><linearGradient id=\"SVGv37V6bRY\" x1=\"23\" x2=\"10.2\" y1=\"23\" y2=\"10.2\" gradientUnits=\"userSpaceOnUse\"><stop stop-color=\"#6d37cd\"/><stop offset=\".641\" stop-color=\"#ea71ef\"/></linearGradient><linearGradient id=\"SVG341rIe3L\" x1=\"28.333\" x2=\"22.6\" y1=\"11.533\" y2=\"5\" gradientUnits=\"userSpaceOnUse\"><stop stop-color=\"#e23cb4\"/><stop offset=\"1\" stop-color=\"#ea71ef\"/></linearGradient></defs></g>"