width: 24
height: 24
body: "<g fill=\"none\"><path fill=\"url(#SVGYkcvscFc)\" d=\"M18.886 6.857a.75.75 0 0 1 .257 1.029l-3 5a.75.75 0 0 1-1.286-.772l3-5a.75.75 0 0 1 1.029-.257\"/><path fill=\"url(#SVGHwQ5YdQz)\" d=\"M18.886 6.857a.75.75 0 0 1 .257 1.029l-3 5a.75.75 0 0 1-1.286-.772l3-5a.75.75 0 0 1 1.029-.257\"/><path fill=\"url(#SVGzK2eLdoS)\" d=\"M18.886 6.857a.75.75 0 0 1 .257 1.029l-3 5a.75.75 0 0 1-1.286-.772l3-5a.75.75 0 0 1 1.029-.257\"/><path fill=\"url(#SVGKifbmcLt)\" d=\"M18.886 6.857a.75.75 0 0 1 .257 1.029l-3 5a.75.75 0 0 1-1.286-.772l3-5a.75.75 0 0 1 1.029-.257\"/><path fill=\"url(#SVGYkcvscFc)\" d=\"M13.67 14.165a.75.75 0 0 1-.335 1.006l-7 3.5a.75.75 0 1 1-.67-1.342l7-3.5a.75.75 0 0 1 1.006.336\"/><path fill=\"url(#SVGHwQ5YdQz)\" d=\"M13.67 14.165a.75.75 0 0 1-.335 1.006l-7 3.5a.75.75 0 1 1-.67-1.342l7-3.5a.75.75 0 0 1 1.006.336\"/><path fill=\"url(#SVGzK2eLdoS)\" d=\"M13.67 14.165a.75.75 0 0 1-.335 1.006l-7 3.5a.75.75 0 1 1-.67-1.342l7-3.5a.75.75 0 0 1 1.006.336\"/><path fill=\"url(#SVGKifbmcLt)\" d=\"M13.67 14.165a.75.75 0 0 1-.335 1.006l-7 3.5a.75.75 0 1 1-.67-1.342l7-3.5a.75.75 0 0 1 1.006.336\"/><circle cx=\"5\" cy=\"18\" r=\"3\" fill=\"url(#SVGiDbnIdpv)\"/><circle cx=\"14\" cy=\"14\" r=\"3\" fill=\"url(#SVGly0kNcrT)\"/><circle cx=\"19\" cy=\"6\" r=\"3\" fill=\"url(#SVGEwWEdbHy)\"/><defs><radialGradient id=\"SVGHwQ5YdQz\" cx=\"0\" cy=\"0\" r=\"1\" gradientTransform=\"rotate(16.142 -64.206 22.823)scale(5.23186 6.25119)\" gradientUnits=\"userSpaceOnUse\"><stop offset=\".549\" stop-color=\"#70777d\"/><stop offset=\"1\" stop-color=\"#70777d\" stop-opacity=\"0\"/></radialGradient><radialGradient id=\"SVGzK2eLdoS\" cx=\"0\" cy=\"0\" r=\"1\" gradientTransform=\"rotate(83.418 6.63 13.83)scale(4.63728 5.41306)\" gradientUnits=\"userSpaceOnUse\"><stop offset=\".549\" stop-color=\"#70777d\"/><stop offset=\"1\" stop-color=\"#70777d\" stop-opacity=\"0\"/></radialGradient><radialGradient id=\"SVGKifbmcLt\" cx=\"0\" cy=\"0\" r=\"1\" gradientTransform=\"matrix(4.67419 0 0 4.67272 13.908 13.9)\" gradientUnits=\"userSpaceOnUse\"><stop offset=\".549\" stop-color=\"#70777d\"/><stop offset=\"1\" stop-color=\"#70777d\" stop-opacity=\"0\"/></radialGradient><linearGradient id=\"SVGYkcvscFc\" x1=\"5.25\" x2=\"21.244\" y1=\"6.75\" y2=\"22.18\" gradientUnits=\"userSpaceOnUse\"><stop stop-color=\"#b9c0c7\"/><stop offset=\"1\" stop-color=\"#70777d\"/></linearGradient><linearGradient id=\"SVGiDbnIdpv\" x1=\"2.75\" x2=\"9.204\" y1=\"15.25\" y2=\"22.884\" gradientUnits=\"userSpaceOnUse\"><stop stop-color=\"#36dff1\"/><stop offset=\"1\" stop-color=\"#0078d4\"/></linearGradient><linearGradient id=\"SVGly0kNcrT\" x1=\"17\" x2=\"7.4\" y1=\"17\" y2=\"7.4\" gradientUnits=\"userSpaceOnUse\"><stop stop-color=\"#6d37cd\"/><stop offset=\".641\" stop-color=\"#ea71ef\"/></linearGradient><linearGradient id=\"SVGEwWEdbHy\" x1=\"21.5\" x2=\"17.2\" y1=\"7.9\" y2=\"3\" gradientUnits=\"userSpaceOnUse\"><stop stop-color=\"#e23cb4\"/><stop offset=\"1\" stop-color=\"#ea71ef\"/></linearGradient></defs></g>"