width: 20
height: 20
body: "<g fill=\"none\"><path fill=\"url(#SVGuv0AxdpE)\" d=\"M10 18a8 8 0 1 0 0-16a8 8 0 0 0 0 16\"/><path fill=\"url(#SVG7KaFCeHt)\" fill-opacity=\".7\" d=\"M10 18a8 8 0 1 0 0-16a8 8 0 0 0 0 16\"/><path fill=\"url(#SVGDywlycuy)\" fill-opacity=\".2\" d=\"M10 18a8 8 0 1 0 0-16a8 8 0 0 0 0 16\"/><path fill=\"url(#SVGuU8Skc6A)\" fill-rule=\"evenodd\" d=\"M7.853 2.291a7 7 0 0 0-.816 1.51c-.368.906-.65 1.995-.826 3.199H2.58q-.195.485-.33 1h3.84a22 22 0 0 0 .001 4h-3.84q.135.515.33 1h3.63c.176 1.204.458 2.293.826 3.199a7 7 0 0 0 .816 1.51A8 8 0 0 0 10 18a8 8 0 0 0 2.147-.291a7 7 0 0 0 .816-1.51c.368-.906.65-1.995.826-3.199h3.63q.195-.485.329-1h-3.84a21.6 21.6 0 0 0 0-4h3.84a8 8 0 0 0-.33-1H13.79c-.176-1.204-.458-2.293-.826-3.199a7 7 0 0 0-.816-1.51A8 8 0 0 0 10 2a8 8 0 0 0-2.147.291M7.223 7c.166-1.076.42-2.035.74-2.822c.298-.733.642-1.292 1.003-1.66C9.324 2.153 9.672 2 10 2s.676.153 1.034.518c.36.368.705.927 1.003 1.66c.32.787.574 1.746.74 2.822zM10 18c.328 0 .676-.153 1.034-.518c.36-.368.705-.927 1.003-1.66c.32-.787.574-1.746.74-2.822H7.223c.167 1.076.421 2.035.741 2.822c.298.733.642 1.292 1.003 1.66c.358.365.706.518 1.034.518m-3-8c0 .692.033 1.362.096 2h5.808A21 21 0 0 0 13 10c0-.692-.033-1.362-.096-2H7.096A21 21 0 0 0 7 10\" clip-rule=\"evenodd\"/><path fill=\"url(#SVGxPq0tHtq)\" d=\"M14 18.524c-1.175-.603-2.97-1.945-3-4.524v-2.562c0-.277.225-.497.499-.536c1.37-.193 2.485-1.134 3.066-1.725A.6.6 0 0 1 15 9c.16 0 .32.059.435.177c.58.591 1.696 1.532 3.066 1.725c.274.039.499.26.499.536V14c-.03 2.579-1.825 3.921-3 4.524a6.5 6.5 0 0 1-.87.372a.4.4 0 0 1-.26 0a6.5 6.5 0 0 1-.87-.372\"/><defs><radialGradient id=\"SVG7KaFCeHt\" cx=\"0\" cy=\"0\" r=\"1\" gradientTransform=\"translate(14.938 14.125)scale(-6.72116)\" gradientUnits=\"userSpaceOnUse\"><stop stop-color=\"#003580\"/><stop offset=\"1\" stop-color=\"#003580\" stop-opacity=\"0\"/></radialGradient><radialGradient id=\"SVGDywlycuy\" cx=\"0\" cy=\"0\" r=\"1\" gradientTransform=\"matrix(8.37502 6.37502 -6.91548 9.08503 15.25 14)\" gradientUnits=\"userSpaceOnUse\"><stop offset=\".412\" stop-color=\"#1b44b1\"/><stop offset=\"1\" stop-color=\"#1b44b1\" stop-opacity=\"0\"/></radialGradient><radialGradient id=\"SVGuU8Skc6A\" cx=\"0\" cy=\"0\" r=\"1\" gradientTransform=\"rotate(45.016 -9.396 25.1)scale(12.0242 12.8442)\" gradientUnits=\"userSpaceOnUse\"><stop offset=\".445\" stop-color=\"#3bd5ff\" stop-opacity=\"0\"/><stop offset=\".815\" stop-color=\"#3bd5ff\"/></radialGradient><linearGradient id=\"SVGuv0AxdpE\" x1=\"5.556\" x2=\"17.111\" y1=\"4.667\" y2=\"15.333\" gradientUnits=\"userSpaceOnUse\"><stop stop-color=\"#29c3ff\"/><stop offset=\"1\" stop-color=\"#2052cb\"/></linearGradient><linearGradient id=\"SVGxPq0tHtq\" x1=\"12.5\" x2=\"20.018\" y1=\"9\" y2=\"17.701\" gradientUnits=\"userSpaceOnUse\"><stop stop-color=\"#62be55\"/><stop offset=\"1\" stop-color=\"#1e794a\"/></linearGradient></defs></g>"