width: 16
height: 16
body: "<g fill=\"none\"><path fill=\"url(#SVG5YhdwdFX)\" fill-rule=\"evenodd\" d=\"M1 6.25A3.25 3.25 0 0 1 4.25 3h4.5a3.25 3.25 0 0 1 0 6.5h-4.5A3.25 3.25 0 0 1 1 6.25M4.25 4.5a1.75 1.75 0 1 0 0 3.5h4.5a1.75 1.75 0 1 0 0-3.5z\" clip-rule=\"evenodd\"/><path fill=\"url(#SVGQFlmnRcj)\" fill-rule=\"evenodd\" d=\"M1 6.25A3.25 3.25 0 0 1 4.25 3h4.5a3.25 3.25 0 0 1 0 6.5h-4.5A3.25 3.25 0 0 1 1 6.25M4.25 4.5a1.75 1.75 0 1 0 0 3.5h4.5a1.75 1.75 0 1 0 0-3.5z\" clip-rule=\"evenodd\"/><path fill=\"url(#SVG8uE7dcNq)\" fill-rule=\"evenodd\" d=\"M1 6.25A3.25 3.25 0 0 1 4.25 3h4.5a3.25 3.25 0 0 1 0 6.5h-4.5A3.25 3.25 0 0 1 1 6.25M4.25 4.5a1.75 1.75 0 1 0 0 3.5h4.5a1.75 1.75 0 1 0 0-3.5z\" clip-rule=\"evenodd\"/><path fill=\"url(#SVGwFOtRbti)\" d=\"M10.482 6.5H7.25a3.25 3.25 0 1 0 0 6.5h4.5a3.25 3.25 0 0 0 .24-6.491A3.2 3.2 0 0 1 11.49 8h.26a1.75 1.75 0 1 1 0 3.5h-4.5A1.75 1.75 0 0 1 7 8.018V8h1.75a1.75 1.75 0 0 0 1.732-1.5\"/><path fill=\"url(#SVGOjgaHeKO)\" d=\"M10.482 6.5H7.25a3.25 3.25 0 1 0 0 6.5h4.5a3.25 3.25 0 0 0 .24-6.491A3.2 3.2 0 0 1 11.49 8h.26a1.75 1.75 0 1 1 0 3.5h-4.5A1.75 1.75 0 0 1 7 8.018V8h1.75a1.75 1.75 0 0 0 1.732-1.5\"/><path fill=\"url(#SVGMKMASdGL)\" d=\"M10.482 6.5H7.25a3.25 3.25 0 1 0 0 6.5h4.5a3.25 3.25 0 0 0 .24-6.491A3.2 3.2 0 0 1 11.49 8h.26a1.75 1.75 0 1 1 0 3.5h-4.5A1.75 1.75 0 0 1 7 8.018V8h1.75a1.75 1.75 0 0 0 1.732-1.5\"/><defs><radialGradient id=\"SVG5YhdwdFX\" cx=\"0\" cy=\"0\" r=\"1\" gradientTransform=\"matrix(9.00003 7.00003 -6.27 8.06142 1.5 3)\" gradientUnits=\"userSpaceOnUse\"><stop stop-color=\"#0fafff\"/><stop offset=\".429\" stop-color=\"#367af2\"/><stop offset=\".942\" stop-color=\"#5750e2\"/><stop offset=\"1\" stop-color=\"#6f47df\"/></radialGradient><radialGradient id=\"SVGQFlmnRcj\" cx=\"0\" cy=\"0\" r=\"1\" gradientTransform=\"matrix(-5 0 0 -5.07351 7.5 10)\" gradientUnits=\"userSpaceOnUse\"><stop offset=\".269\" stop-color=\"#261d82\" stop-opacity=\"0\"/><stop offset=\".5\" stop-color=\"#261d82\"/><stop offset=\".556\" stop-color=\"#261d82\"/><stop offset=\".866\" stop-color=\"#261d82\" stop-opacity=\"0\"/></radialGradient><radialGradient id=\"SVGOjgaHeKO\" cx=\"0\" cy=\"0\" r=\"1\" gradientTransform=\"matrix(4.5 0 0 4.56616 9 6)\" gradientUnits=\"userSpaceOnUse\"><stop offset=\".26\" stop-color=\"#2764e7\" stop-opacity=\"0\"/><stop offset=\".448\" stop-color=\"#2764e7\"/><stop offset=\".578\" stop-color=\"#2764e7\"/><stop offset=\".767\" stop-color=\"#2764e7\" stop-opacity=\"0\"/></radialGradient><linearGradient id=\"SVG8uE7dcNq\" x1=\"12\" x2=\"6.365\" y1=\"8\" y2=\"3.579\" gradientUnits=\"userSpaceOnUse\"><stop stop-color=\"#5157e4\" stop-opacity=\"0\"/><stop offset=\".066\" stop-color=\"#5157e4\"/><stop offset=\".327\" stop-color=\"#5157e4\"/><stop offset=\".604\" stop-color=\"#5157e4\" stop-opacity=\"0\"/></linearGradient><linearGradient id=\"SVGwFOtRbti\" x1=\".464\" x2=\"6.327\" y1=\"3.656\" y2=\"18.573\" gradientUnits=\"userSpaceOnUse\"><stop stop-color=\"#36dff1\"/><stop offset=\"1\" stop-color=\"#2764e7\"/></linearGradient><linearGradient id=\"SVGMKMASdGL\" x1=\"4\" x2=\"9.527\" y1=\"5\" y2=\"7.95\" gradientUnits=\"userSpaceOnUse\"><stop stop-color=\"#31b3ee\" stop-opacity=\".243\"/><stop offset=\".208\" stop-color=\"#31b3ee\"/><stop offset=\".539\" stop-color=\"#31b3ee\"/><stop offset=\".755\" stop-color=\"#31b3ee\" stop-opacity=\".902\"/><stop offset=\"1\" stop-color=\"#31b3ee\" stop-opacity=\"0\"/></linearGradient></defs></g>"