width: 16
height: 16
body: "<g fill=\"none\"><path fill=\"url(#SVGsfI0Rddh)\" d=\"M11 3.5v1h-1v-1a2 2 0 1 0-4 0v1H5v-1a3 3 0 0 1 6 0\"/><path fill=\"url(#SVGbTQINdJb)\" d=\"M14 6.5A2.5 2.5 0 0 0 11.5 4h-7A2.5 2.5 0 0 0 2 6.5v5A2.5 2.5 0 0 0 4.5 14h7a2.5 2.5 0 0 0 2.5-2.5z\"/><path fill=\"url(#SVGAWAl77FK)\" d=\"M9 9a1 1 0 1 1-2 0a1 1 0 0 1 2 0\"/><path fill=\"url(#SVGzKJRbcbh)\" d=\"M14 6.5A2.5 2.5 0 0 0 11.5 4h-7A2.5 2.5 0 0 0 2 6.5v5A2.5 2.5 0 0 0 4.5 14h7a2.5 2.5 0 0 0 2.5-2.5z\"/><path fill=\"url(#SVGLotQ6dhT)\" d=\"M12.88 7.16c.508.532 1.484 1.379 2.684 1.552a.5.5 0 0 1 .436.482v2.323c0 3.122-2.784 4.255-3.386 4.463a.34.34 0 0 1-.228 0C11.785 15.772 9 14.64 9 11.517V9.194a.5.5 0 0 1 .436-.482c1.2-.173 2.175-1.02 2.683-1.553a.535.535 0 0 1 .762 0\"/><defs><linearGradient id=\"SVGsfI0Rddh\" x1=\"6.286\" x2=\"10.672\" y1=\"-.264\" y2=\"7.206\" gradientUnits=\"userSpaceOnUse\"><stop stop-color=\"#ffc205\"/><stop offset=\"1\" stop-color=\"#fb5937\"/></linearGradient><linearGradient id=\"SVGbTQINdJb\" x1=\"14.857\" x2=\"4.404\" y1=\"14.625\" y2=\"4.404\" gradientUnits=\"userSpaceOnUse\"><stop stop-color=\"#ff6f47\"/><stop offset=\"1\" stop-color=\"#ffcd0f\"/></linearGradient><linearGradient id=\"SVGLotQ6dhT\" x1=\"10.313\" x2=\"17.166\" y1=\"7\" y2=\"14.648\" gradientUnits=\"userSpaceOnUse\"><stop stop-color=\"#62be55\"/><stop offset=\"1\" stop-color=\"#1e794a\"/></linearGradient><radialGradient id=\"SVGAWAl77FK\" cx=\"0\" cy=\"0\" r=\"1\" gradientTransform=\"matrix(-.99997 -3.5 4.85626 -1.38747 8.5 10)\" gradientUnits=\"userSpaceOnUse\"><stop stop-color=\"#944600\"/><stop offset=\"1\" stop-color=\"#cd8e02\"/></radialGradient><radialGradient id=\"SVGzKJRbcbh\" cx=\"0\" cy=\"0\" r=\"1\" gradientTransform=\"rotate(157.947 4.768 7.114)scale(5.54881 5.87385)\" gradientUnits=\"userSpaceOnUse\"><stop stop-color=\"#eb4824\"/><stop offset=\".99\" stop-color=\"#eb4824\" stop-opacity=\"0\"/></radialGradient></defs></g>"