width: 28
height: 28
body: "<g fill=\"none\"><path fill=\"#d9d9d9\" d=\"M13.5 2A4.5 4.5 0 0 0 9 6.5v2h1.5v-2a3 3 0 1 1 6 0v2H18v-2A4.5 4.5 0 0 0 13.5 2\"/><path fill=\"url(#SVGQGPeIdOa)\" d=\"M13.5 2A4.5 4.5 0 0 0 9 6.5v2h1.5v-2a3 3 0 1 1 6 0v2H18v-2A4.5 4.5 0 0 0 13.5 2\"/><path fill=\"url(#SVGpr67ibxR)\" d=\"M23 11.75A3.75 3.75 0 0 0 19.25 8H7.75A3.75 3.75 0 0 0 4 11.75v9.5A3.75 3.75 0 0 0 7.75 25h11.5A3.75 3.75 0 0 0 23 21.25z\"/><path fill=\"url(#SVGgiM8BcuV)\" d=\"M13.5 18a1.5 1.5 0 1 0 0-3a1.5 1.5 0 0 0 0 3\"/><path fill=\"url(#SVG1gnIidSy)\" d=\"M23 11.75A3.75 3.75 0 0 0 19.25 8H7.75A3.75 3.75 0 0 0 4 11.75v9.5A3.75 3.75 0 0 0 7.75 25h11.5A3.75 3.75 0 0 0 23 21.25z\"/><path fill=\"url(#SVGFXsGAbKq)\" d=\"M21.098 14.23c.798.77 2.331 1.992 4.216 2.243c.376.05.686.337.686.696v3.355c0 4.51-4.375 6.147-5.32 6.448a.6.6 0 0 1-.358 0C19.376 26.67 15 25.034 15 20.524v-3.355c0-.359.31-.646.686-.696c1.884-.25 3.418-1.474 4.215-2.243a.894.894 0 0 1 1.197 0\"/><defs><linearGradient id=\"SVGQGPeIdOa\" x1=\"10.929\" x2=\"18.322\" y1=\".758\" y2=\"12.38\" gradientUnits=\"userSpaceOnUse\"><stop stop-color=\"#ffc205\"/><stop offset=\"1\" stop-color=\"#fb5937\"/></linearGradient><linearGradient id=\"SVGpr67ibxR\" x1=\"24.357\" x2=\"6.66\" y1=\"26.063\" y2=\"9.945\" gradientUnits=\"userSpaceOnUse\"><stop stop-color=\"#ff6f47\"/><stop offset=\"1\" stop-color=\"#ffcd0f\"/></linearGradient><linearGradient id=\"SVGFXsGAbKq\" x1=\"17.063\" x2=\"26.837\" y1=\"14\" y2=\"25.867\" gradientUnits=\"userSpaceOnUse\"><stop stop-color=\"#62be55\"/><stop offset=\"1\" stop-color=\"#1e794a\"/></linearGradient><radialGradient id=\"SVGgiM8BcuV\" cx=\"0\" cy=\"0\" r=\"1\" gradientTransform=\"matrix(-1.49996 -5.25 7.28439 -2.0812 14.25 18)\" gradientUnits=\"userSpaceOnUse\"><stop stop-color=\"#944600\"/><stop offset=\"1\" stop-color=\"#cd8e02\"/></radialGradient><radialGradient id=\"SVG1gnIidSy\" cx=\"0\" cy=\"0\" r=\"1\" gradientTransform=\"rotate(140.993 6.003 14.201)scale(7.21573 8.02833)\" gradientUnits=\"userSpaceOnUse\"><stop stop-color=\"#eb4824\"/><stop offset=\".99\" stop-color=\"#eb4824\" stop-opacity=\"0\"/></radialGradient></defs></g>"