width: 24
height: 24
body: "<g fill=\"none\"><path fill=\"url(#SVGZFAsATbD)\" d=\"M12 2a4 4 0 0 0-4 4v1.5h1.5V6a2.5 2.5 0 0 1 5 0v1.5H16V6a4 4 0 0 0-4-4\"/><path fill=\"url(#SVGWGGuSc4j)\" d=\"M20 10.25A3.25 3.25 0 0 0 16.75 7h-9.5A3.25 3.25 0 0 0 4 10.25v7.5A3.25 3.25 0 0 0 7.25 21h9.5A3.25 3.25 0 0 0 20 17.75z\"/><path fill=\"url(#SVGM8vxsbDr)\" d=\"M12 15.5a1.5 1.5 0 1 0 0-3a1.5 1.5 0 0 0 0 3\"/><path fill=\"url(#SVG6bc1Oc1J)\" d=\"M20 10.25A3.25 3.25 0 0 0 16.75 7h-9.5A3.25 3.25 0 0 0 4 10.25v7.5A3.25 3.25 0 0 0 7.25 21h9.5A3.25 3.25 0 0 0 20 17.75z\"/><path fill=\"url(#SVG5D6cQZYG)\" d=\"M17.99 12.195c.652.65 1.907 1.685 3.449 1.898c.308.042.561.285.561.589v2.838c0 3.816-3.58 5.201-4.353 5.456a.46.46 0 0 1-.293 0C16.58 22.721 13 21.336 13 17.52v-2.838c0-.304.253-.547.561-.59c1.542-.212 2.797-1.247 3.45-1.898a.714.714 0 0 1 .979 0\"/><defs><linearGradient id=\"SVGZFAsATbD\" x1=\"9.714\" x2=\"15.835\" y1=\".949\" y2=\"11.057\" gradientUnits=\"userSpaceOnUse\"><stop stop-color=\"#ffc205\"/><stop offset=\"1\" stop-color=\"#fb5937\"/></linearGradient><linearGradient id=\"SVGWGGuSc4j\" x1=\"21.143\" x2=\"6.542\" y1=\"21.875\" y2=\"8.278\" gradientUnits=\"userSpaceOnUse\"><stop stop-color=\"#ff6f47\"/><stop offset=\"1\" stop-color=\"#ffcd0f\"/></linearGradient><linearGradient id=\"SVG5D6cQZYG\" x1=\"14.688\" x2=\"23.007\" y1=\"12\" y2=\"21.767\" gradientUnits=\"userSpaceOnUse\"><stop stop-color=\"#62be55\"/><stop offset=\"1\" stop-color=\"#1e794a\"/></linearGradient><radialGradient id=\"SVGM8vxsbDr\" cx=\"0\" cy=\"0\" r=\"1\" gradientTransform=\"rotate(254.055 12.22 2.941)scale(5.46008 7.57586)\" gradientUnits=\"userSpaceOnUse\"><stop stop-color=\"#944600\"/><stop offset=\"1\" stop-color=\"#cd8e02\"/></radialGradient><radialGradient id=\"SVG6bc1Oc1J\" cx=\"0\" cy=\"0\" r=\"1\" gradientTransform=\"rotate(142.708 5.52 11.934)scale(6.46446 7.08296)\" gradientUnits=\"userSpaceOnUse\"><stop stop-color=\"#eb4824\"/><stop offset=\".99\" stop-color=\"#eb4824\" stop-opacity=\"0\"/></radialGradient></defs></g>"