width: 24
height: 24
body: "<g fill=\"none\"><path fill=\"url(#SVGfuA79dqx)\" d=\"M22 16.75a.75.75 0 0 0-.75-.75H2.75l-.102.007A.75.75 0 0 0 2.75 17.5h18.5l.102-.007A.75.75 0 0 0 22 16.75\"/><path fill=\"url(#SVGMd7eDdIO)\" d=\"M22 16.75a.75.75 0 0 0-.75-.75H2.75l-.102.007A.75.75 0 0 0 2.75 17.5h18.5l.102-.007A.75.75 0 0 0 22 16.75\"/><path fill=\"url(#SVG4cRDAeRe)\" d=\"M22 16.75a.75.75 0 0 0-.75-.75H2.75l-.102.007A.75.75 0 0 0 2.75 17.5h18.5l.102-.007A.75.75 0 0 0 22 16.75\"/><path fill=\"url(#SVGfuA79dqx)\" d=\"M22 7.25a.75.75 0 0 0-.75-.75H2.75l-.102.007A.75.75 0 0 0 2.75 8h18.5l.102-.007A.75.75 0 0 0 22 7.25\"/><path fill=\"url(#SVGMd7eDdIO)\" d=\"M22 7.25a.75.75 0 0 0-.75-.75H2.75l-.102.007A.75.75 0 0 0 2.75 8h18.5l.102-.007A.75.75 0 0 0 22 7.25\"/><path fill=\"url(#SVG4cRDAeRe)\" d=\"M22 7.25a.75.75 0 0 0-.75-.75H2.75l-.102.007A.75.75 0 0 0 2.75 8h18.5l.102-.007A.75.75 0 0 0 22 7.25\"/><path fill=\"url(#SVGZgqNochU)\" d=\"M12 16.75a3.25 3.25 0 1 1-6.5 0a3.25 3.25 0 0 1 6.5 0\"/><path fill=\"url(#SVGejNKgebi)\" d=\"M18.5 7.25a3.25 3.25 0 1 1-6.5 0a3.25 3.25 0 0 1 6.5 0\"/><defs><radialGradient id=\"SVGMd7eDdIO\" cx=\"0\" cy=\"0\" r=\"1\" gradientTransform=\"rotate(-2.3 186.64 -378.18)scale(4.67043 2.99592)\" gradientUnits=\"userSpaceOnUse\"><stop offset=\".549\" stop-color=\"#70777d\"/><stop offset=\"1\" stop-color=\"#70777d\" stop-opacity=\"0\"/></radialGradient><radialGradient id=\"SVG4cRDAeRe\" cx=\"0\" cy=\"0\" r=\"1\" gradientTransform=\"matrix(4.83333 -.31248 .20044 3.1004 8.667 16.813)\" gradientUnits=\"userSpaceOnUse\"><stop offset=\".549\" stop-color=\"#70777d\"/><stop offset=\"1\" stop-color=\"#70777d\" stop-opacity=\"0\"/></radialGradient><linearGradient id=\"SVGfuA79dqx\" x1=\"23.25\" x2=\"14.313\" y1=\"18.6\" y2=\"-1.892\" gradientUnits=\"userSpaceOnUse\"><stop stop-color=\"#8c959b\"/><stop offset=\"1\" stop-color=\"#a3acb5\"/></linearGradient><linearGradient id=\"SVGZgqNochU\" x1=\"6.15\" x2=\"11.35\" y1=\"13.5\" y2=\"20\" gradientUnits=\"userSpaceOnUse\"><stop stop-color=\"#29b4fb\"/><stop offset=\"1\" stop-color=\"#2764e7\"/></linearGradient><linearGradient id=\"SVGejNKgebi\" x1=\"12.65\" x2=\"17.85\" y1=\"4\" y2=\"10.5\" gradientUnits=\"userSpaceOnUse\"><stop stop-color=\"#29b4fb\"/><stop offset=\"1\" stop-color=\"#2764e7\"/></linearGradient></defs></g>"