width: 48
height: 48
body: "<g fill=\"none\"><path fill=\"url(#SVGl6VNvdCW)\" d=\"M22.748 18v5H15.25a3.75 3.75 0 0 0-3.75 3.75V30H14v-3.25c0-.69.56-1.25 1.25-1.25h17.499c.69 0 1.25.56 1.25 1.25V30h2.5v-3.25a3.75 3.75 0 0 0-3.75-3.75h-7.5v-5z\"/><path fill=\"url(#SVGa2Fk9deC)\" d=\"M22.748 18v5H15.25a3.75 3.75 0 0 0-3.75 3.75V30H14v-3.25c0-.69.56-1.25 1.25-1.25h17.499c.69 0 1.25.56 1.25 1.25V30h2.5v-3.25a3.75 3.75 0 0 0-3.75-3.75h-7.5v-5z\"/><path fill=\"url(#SVGU0rnXLLK)\" d=\"M22.748 18v5H15.25a3.75 3.75 0 0 0-3.75 3.75V30H14v-3.25c0-.69.56-1.25 1.25-1.25h17.499c.69 0 1.25.56 1.25 1.25V30h2.5v-3.25a3.75 3.75 0 0 0-3.75-3.75h-7.5v-5z\"/><path fill=\"url(#SVGnMQOybBm)\" d=\"M22.748 18v5H15.25a3.75 3.75 0 0 0-3.75 3.75V30H14v-3.25c0-.69.56-1.25 1.25-1.25h17.499c.69 0 1.25.56 1.25 1.25V30h2.5v-3.25a3.75 3.75 0 0 0-3.75-3.75h-7.5v-5z\"/><path fill=\"url(#SVGkfrJheZf)\" d=\"M20.25 36.496a7.5 7.5 0 1 1-15 0a7.5 7.5 0 0 1 15 0\"/><path fill=\"url(#SVGDj0i9bgV)\" d=\"M42.745 36.5a7.5 7.5 0 1 1-15 0a7.5 7.5 0 0 1 15 0\"/><path fill=\"url(#SVGkYP6qcHP)\" d=\"M31.5 11.484a7.5 7.5 0 1 1-15 0a7.5 7.5 0 0 1 15 0\"/><defs><radialGradient id=\"SVGa2Fk9deC\" cx=\"0\" cy=\"0\" r=\"1\" gradientTransform=\"rotate(89.985 4.8 19.2)scale(6.60614 13.7603)\" gradientUnits=\"userSpaceOnUse\"><stop offset=\".636\" stop-color=\"#70777d\"/><stop offset=\"1\" stop-color=\"#70777d\" stop-opacity=\"0\"/></radialGradient><radialGradient id=\"SVGU0rnXLLK\" cx=\"0\" cy=\"0\" r=\"1\" gradientTransform=\"matrix(0 -5.79959 12.0801 0 12.75 32.8)\" gradientUnits=\"userSpaceOnUse\"><stop offset=\".425\" stop-color=\"#70777d\"/><stop offset=\"1\" stop-color=\"#70777d\" stop-opacity=\"0\"/></radialGradient><radialGradient id=\"SVGnMQOybBm\" cx=\"0\" cy=\"0\" r=\"1\" gradientTransform=\"matrix(0 -5.77074 12.0196 0 35.208 32.77)\" gradientUnits=\"userSpaceOnUse\"><stop offset=\".417\" stop-color=\"#70777d\"/><stop offset=\"1\" stop-color=\"#70777d\" stop-opacity=\"0\"/></radialGradient><radialGradient id=\"SVGkfrJheZf\" cx=\"0\" cy=\"0\" r=\"1\" gradientTransform=\"rotate(53.616 -14.054 2.366)scale(40.564 34.7411)\" gradientUnits=\"userSpaceOnUse\"><stop offset=\".529\" stop-color=\"#1ec8b0\"/><stop offset=\"1\" stop-color=\"#1a7f7c\"/></radialGradient><radialGradient id=\"SVGDj0i9bgV\" cx=\"0\" cy=\"0\" r=\"1\" gradientTransform=\"rotate(53.616 -2.811 24.627)scale(40.564 34.7411)\" gradientUnits=\"userSpaceOnUse\"><stop offset=\".529\" stop-color=\"#7b7bff\"/><stop offset=\"1\" stop-color=\"#4a43cb\"/></radialGradient><radialGradient id=\"SVGkYP6qcHP\" cx=\"0\" cy=\"0\" r=\"1\" gradientTransform=\"rotate(53.616 16.32 .992)scale(40.564 34.7411)\" gradientUnits=\"userSpaceOnUse\"><stop offset=\".529\" stop-color=\"#0fafff\"/><stop offset=\"1\" stop-color=\"#0067bf\"/></radialGradient><linearGradient id=\"SVGl6VNvdCW\" x1=\"11.499\" x2=\"13.756\" y1=\"18\" y2=\"31.429\" gradientUnits=\"userSpaceOnUse\"><stop stop-color=\"#b9c0c7\"/><stop offset=\"1\" stop-color=\"#70777d\"/></linearGradient></defs></g>"