width: 24
height: 24
body: "<g fill=\"none\"><path fill=\"url(#SVGVKVfodrh)\" fill-rule=\"evenodd\" d=\"M11 11.5v-3h1.5v3h3.25A2.25 2.25 0 0 1 18 13.75V16h-1.5v-2.25a.75.75 0 0 0-.75-.75h-8a.75.75 0 0 0-.75.75V16H5.5v-2.25a2.25 2.25 0 0 1 2.25-2.25z\" clip-rule=\"evenodd\"/><path fill=\"url(#SVGAqjexcfj)\" fill-rule=\"evenodd\" d=\"M11 11.5v-3h1.5v3h3.25A2.25 2.25 0 0 1 18 13.75V16h-1.5v-2.25a.75.75 0 0 0-.75-.75h-8a.75.75 0 0 0-.75.75V16H5.5v-2.25a2.25 2.25 0 0 1 2.25-2.25z\" clip-rule=\"evenodd\"/><path fill=\"url(#SVGpa4TCd4J)\" fill-rule=\"evenodd\" d=\"M11 11.5v-3h1.5v3h3.25A2.25 2.25 0 0 1 18 13.75V16h-1.5v-2.25a.75.75 0 0 0-.75-.75h-8a.75.75 0 0 0-.75.75V16H5.5v-2.25a2.25 2.25 0 0 1 2.25-2.25z\" clip-rule=\"evenodd\"/><path fill=\"url(#SVGFcYPocvx)\" fill-rule=\"evenodd\" d=\"M11 11.5v-3h1.5v3h3.25A2.25 2.25 0 0 1 18 13.75V16h-1.5v-2.25a.75.75 0 0 0-.75-.75h-8a.75.75 0 0 0-.75.75V16H5.5v-2.25a2.25 2.25 0 0 1 2.25-2.25z\" clip-rule=\"evenodd\"/><path fill=\"url(#SVGyACgVdzN)\" d=\"M10 18.25a3.75 3.75 0 1 1-7.5 0a3.75 3.75 0 0 1 7.5 0\"/><path fill=\"url(#SVG5yABId9z)\" d=\"M21 18.25a3.75 3.75 0 1 1-7.5 0a3.75 3.75 0 0 1 7.5 0\"/><path fill=\"url(#SVG0qgd5aGK)\" d=\"M15.5 5.75a3.75 3.75 0 1 1-7.5 0a3.75 3.75 0 0 1 7.5 0\"/><defs><radialGradient id=\"SVGAqjexcfj\" cx=\"0\" cy=\"0\" r=\"1\" gradientTransform=\"matrix(0 4.5613 -7.60216 0 11.75 6.246)\" gradientUnits=\"userSpaceOnUse\"><stop offset=\".553\" stop-color=\"#70777d\"/><stop offset=\"1\" stop-color=\"#70777d\" stop-opacity=\"0\"/></radialGradient><radialGradient id=\"SVGpa4TCd4J\" cx=\"0\" cy=\"0\" r=\"1\" gradientTransform=\"rotate(-90.24 11.9 5.825)scale(4.66951 7.7825)\" gradientUnits=\"userSpaceOnUse\"><stop offset=\".549\" stop-color=\"#70777d\"/><stop offset=\"1\" stop-color=\"#70777d\" stop-opacity=\"0\"/></radialGradient><radialGradient id=\"SVGFcYPocvx\" cx=\"0\" cy=\"0\" r=\"1\" gradientTransform=\"rotate(-89.515 17.618 .114)scale(4.61555 7.6925)\" gradientUnits=\"userSpaceOnUse\"><stop offset=\".549\" stop-color=\"#70777d\"/><stop offset=\"1\" stop-color=\"#70777d\" stop-opacity=\"0\"/></radialGradient><radialGradient id=\"SVGyACgVdzN\" cx=\"0\" cy=\"0\" r=\"1\" gradientTransform=\"rotate(53.616 -7.092 1.06)scale(20.282 17.3706)\" gradientUnits=\"userSpaceOnUse\"><stop offset=\".529\" stop-color=\"#1ec8b0\"/><stop offset=\"1\" stop-color=\"#1a7f7c\"/></radialGradient><radialGradient id=\"SVG5yABId9z\" cx=\"0\" cy=\"0\" r=\"1\" gradientTransform=\"rotate(53.616 -1.592 11.945)scale(20.282 17.3706)\" gradientUnits=\"userSpaceOnUse\"><stop offset=\".529\" stop-color=\"#7b7bff\"/><stop offset=\"1\" stop-color=\"#4a43cb\"/></radialGradient><radialGradient id=\"SVG0qgd5aGK\" cx=\"0\" cy=\"0\" r=\"1\" gradientTransform=\"rotate(53.616 8.027 .253)scale(20.282 17.3706)\" gradientUnits=\"userSpaceOnUse\"><stop offset=\".529\" stop-color=\"#0fafff\"/><stop offset=\"1\" stop-color=\"#0067bf\"/></radialGradient><linearGradient id=\"SVGVKVfodrh\" x1=\"5.5\" x2=\"7.236\" y1=\"8.5\" y2=\"16.765\" gradientUnits=\"userSpaceOnUse\"><stop stop-color=\"#b9c0c7\"/><stop offset=\"1\" stop-color=\"#70777d\"/></linearGradient></defs></g>"