width: 28
height: 28
body: "<g fill=\"none\"><path fill=\"url(#SVGFup7xbCW)\" d=\"M13.25 9v4.5h-4.5a2.25 2.25 0 0 0-2.25 2.25V19H8v-3.25a.75.75 0 0 1 .75-.75h10.5a.75.75 0 0 1 .75.75V19h1.5v-3.25a2.25 2.25 0 0 0-2.25-2.25h-4.5V9z\"/><path fill=\"url(#SVG4H1fPbrS)\" d=\"M13.25 9v4.5h-4.5a2.25 2.25 0 0 0-2.25 2.25V19H8v-3.25a.75.75 0 0 1 .75-.75h10.5a.75.75 0 0 1 .75.75V19h1.5v-3.25a2.25 2.25 0 0 0-2.25-2.25h-4.5V9z\"/><path fill=\"url(#SVGLT2GdcYi)\" d=\"M13.25 9v4.5h-4.5a2.25 2.25 0 0 0-2.25 2.25V19H8v-3.25a.75.75 0 0 1 .75-.75h10.5a.75.75 0 0 1 .75.75V19h1.5v-3.25a2.25 2.25 0 0 0-2.25-2.25h-4.5V9z\"/><path fill=\"url(#SVGouMEtepM)\" d=\"M13.25 9v4.5h-4.5a2.25 2.25 0 0 0-2.25 2.25V19H8v-3.25a.75.75 0 0 1 .75-.75h10.5a.75.75 0 0 1 .75.75V19h1.5v-3.25a2.25 2.25 0 0 0-2.25-2.25h-4.5V9z\"/><path fill=\"url(#SVGXyX4Rcob)\" d=\"M11.5 21.75a4.25 4.25 0 1 1-8.5 0a4.25 4.25 0 0 1 8.5 0\"/><path fill=\"url(#SVGfqoajbIk)\" d=\"M25 21.75a4.25 4.25 0 1 1-8.5 0a4.25 4.25 0 0 1 8.5 0\"/><path fill=\"url(#SVGVCpcxdMw)\" d=\"M18.25 6.257a4.25 4.25 0 1 1-8.5 0a4.25 4.25 0 0 1 8.5 0\"/><defs><radialGradient id=\"SVG4H1fPbrS\" cx=\"0\" cy=\"0\" r=\"1\" gradientTransform=\"matrix(0 6.08174 -9.12259 0 14 5.995)\" gradientUnits=\"userSpaceOnUse\"><stop offset=\".612\" stop-color=\"#70777d\"/><stop offset=\"1\" stop-color=\"#70777d\" stop-opacity=\"0\"/></radialGradient><radialGradient id=\"SVGLT2GdcYi\" cx=\"0\" cy=\"0\" r=\"1\" gradientTransform=\"matrix(0 -5.83174 8.74761 0 7.25 21.332)\" gradientUnits=\"userSpaceOnUse\"><stop offset=\".549\" stop-color=\"#70777d\"/><stop offset=\"1\" stop-color=\"#70777d\" stop-opacity=\"0\"/></radialGradient><radialGradient id=\"SVGouMEtepM\" cx=\"0\" cy=\"0\" r=\"1\" gradientTransform=\"matrix(0 -5.8077 8.71157 0 20.727 21.308)\" gradientUnits=\"userSpaceOnUse\"><stop offset=\".549\" stop-color=\"#70777d\"/><stop offset=\"1\" stop-color=\"#70777d\" stop-opacity=\"0\"/></radialGradient><radialGradient id=\"SVGXyX4Rcob\" cx=\"0\" cy=\"0\" r=\"1\" gradientTransform=\"rotate(53.616 -9.01 1.9)scale(22.9862 19.6866)\" gradientUnits=\"userSpaceOnUse\"><stop offset=\".529\" stop-color=\"#1ec8b0\"/><stop offset=\"1\" stop-color=\"#1a7f7c\"/></radialGradient><radialGradient id=\"SVGfqoajbIk\" cx=\"0\" cy=\"0\" r=\"1\" gradientTransform=\"rotate(53.616 -2.26 15.258)scale(22.9862 19.6866)\" gradientUnits=\"userSpaceOnUse\"><stop offset=\".529\" stop-color=\"#7b7bff\"/><stop offset=\"1\" stop-color=\"#4a43cb\"/></radialGradient><radialGradient id=\"SVGVCpcxdMw\" cx=\"0\" cy=\"0\" r=\"1\" gradientTransform=\"rotate(53.616 9.695 .833)scale(22.9862 19.6866)\" gradientUnits=\"userSpaceOnUse\"><stop offset=\".529\" stop-color=\"#0fafff\"/><stop offset=\"1\" stop-color=\"#0067bf\"/></radialGradient><linearGradient id=\"SVGFup7xbCW\" x1=\"6.5\" x2=\"9.046\" y1=\"9\" y2=\"19.912\" gradientUnits=\"userSpaceOnUse\"><stop stop-color=\"#b9c0c7\"/><stop offset=\"1\" stop-color=\"#70777d\"/></linearGradient></defs></g>"