width: 16
height: 16
body: "<g fill=\"none\"><path fill=\"url(#SVGCp8f0T3e)\" fill-rule=\"evenodd\" d=\"M7.25 7V5h1.5v2h1.5c.966 0 1.75.784 1.75 1.75v2.75h-1.5V8.75a.25.25 0 0 0-.25-.25h-4.5a.25.25 0 0 0-.25.25v2.75H4V8.75C4 7.784 4.784 7 5.75 7z\" clip-rule=\"evenodd\"/><path fill=\"url(#SVGzY4bAe3W)\" fill-rule=\"evenodd\" d=\"M7.25 7V5h1.5v2h1.5c.966 0 1.75.784 1.75 1.75v2.75h-1.5V8.75a.25.25 0 0 0-.25-.25h-4.5a.25.25 0 0 0-.25.25v2.75H4V8.75C4 7.784 4.784 7 5.75 7z\" clip-rule=\"evenodd\"/><path fill=\"url(#SVG9hL6keBb)\" fill-rule=\"evenodd\" d=\"M7.25 7V5h1.5v2h1.5c.966 0 1.75.784 1.75 1.75v2.75h-1.5V8.75a.25.25 0 0 0-.25-.25h-4.5a.25.25 0 0 0-.25.25v2.75H4V8.75C4 7.784 4.784 7 5.75 7z\" clip-rule=\"evenodd\"/><path fill=\"url(#SVGZL4T5dDM)\" fill-rule=\"evenodd\" d=\"M7.25 7V5h1.5v2h1.5c.966 0 1.75.784 1.75 1.75v2.75h-1.5V8.75a.25.25 0 0 0-.25-.25h-4.5a.25.25 0 0 0-.25.25v2.75H4V8.75C4 7.784 4.784 7 5.75 7z\" clip-rule=\"evenodd\"/><path fill=\"url(#SVGHFW5ScKC)\" d=\"M7.25 12.5a2.5 2.5 0 1 1-5 0a2.5 2.5 0 0 1 5 0\"/><path fill=\"url(#SVGEyd1Rd9G)\" d=\"M13.754 12.5a2.5 2.5 0 1 1-5 0a2.5 2.5 0 0 1 5 0\"/><path fill=\"url(#SVGLjy7meOf)\" d=\"M10.5 3.5a2.5 2.5 0 1 1-5 0a2.5 2.5 0 0 1 5 0\"/><defs><radialGradient id=\"SVGzY4bAe3W\" cx=\"0\" cy=\"0\" r=\"1\" gradientTransform=\"matrix(0 3.95312 -4.86538 0 8 3.047)\" gradientUnits=\"userSpaceOnUse\"><stop offset=\".621\" stop-color=\"#70777d\"/><stop offset=\"1\" stop-color=\"#70777d\" stop-opacity=\"0\"/></radialGradient><radialGradient id=\"SVG9hL6keBb\" cx=\"0\" cy=\"0\" r=\"1\" gradientTransform=\"rotate(-90.177 8.688 4.315)scale(4.04689 4.98082)\" gradientUnits=\"userSpaceOnUse\"><stop offset=\".549\" stop-color=\"#70777d\"/><stop offset=\"1\" stop-color=\"#70777d\" stop-opacity=\"0\"/></radialGradient><radialGradient id=\"SVGZL4T5dDM\" cx=\"0\" cy=\"0\" r=\"1\" gradientTransform=\"matrix(.025 -4 4.92318 .03077 11.588 13)\" gradientUnits=\"userSpaceOnUse\"><stop offset=\".549\" stop-color=\"#70777d\"/><stop offset=\"1\" stop-color=\"#70777d\" stop-opacity=\"0\"/></radialGradient><radialGradient id=\"SVGHFW5ScKC\" cx=\"0\" cy=\"0\" r=\"1\" gradientTransform=\"rotate(53.616 -4.766 1.45)scale(13.5213 11.5804)\" gradientUnits=\"userSpaceOnUse\"><stop offset=\".529\" stop-color=\"#1ec8b0\"/><stop offset=\"1\" stop-color=\"#1a7f7c\"/></radialGradient><radialGradient id=\"SVGEyd1Rd9G\" cx=\"0\" cy=\"0\" r=\"1\" gradientTransform=\"rotate(53.616 -1.514 7.886)scale(13.5213 11.5804)\" gradientUnits=\"userSpaceOnUse\"><stop offset=\".529\" stop-color=\"#7b7bff\"/><stop offset=\"1\" stop-color=\"#4a43cb\"/></radialGradient><radialGradient id=\"SVGLjy7meOf\" cx=\"0\" cy=\"0\" r=\"1\" gradientTransform=\"rotate(53.616 5.764 .167)scale(13.5213 11.5804)\" gradientUnits=\"userSpaceOnUse\"><stop offset=\".529\" stop-color=\"#0fafff\"/><stop offset=\"1\" stop-color=\"#0067bf\"/></radialGradient><linearGradient id=\"SVGCp8f0T3e\" x1=\"4\" x2=\"5.968\" y1=\"5\" y2=\"11.919\" gradientUnits=\"userSpaceOnUse\"><stop stop-color=\"#b9c0c7\"/><stop offset=\"1\" stop-color=\"#70777d\"/></linearGradient></defs></g>"