width: 20
height: 20
body: "<g fill=\"none\"><path fill=\"url(#SVGglPXncgf)\" fill-rule=\"evenodd\" d=\"M9.25 9.25h-2.5A1.75 1.75 0 0 0 5 11v2.5h1.5V11a.25.25 0 0 1 .25-.25h6.5a.25.25 0 0 1 .25.25v2.5H15V11a1.75 1.75 0 0 0-1.75-1.75h-2.5V7h-1.5z\" clip-rule=\"evenodd\"/><path fill=\"url(#SVGT75OH9nZ)\" fill-rule=\"evenodd\" d=\"M9.25 9.25h-2.5A1.75 1.75 0 0 0 5 11v2.5h1.5V11a.25.25 0 0 1 .25-.25h6.5a.25.25 0 0 1 .25.25v2.5H15V11a1.75 1.75 0 0 0-1.75-1.75h-2.5V7h-1.5z\" clip-rule=\"evenodd\"/><path fill=\"url(#SVGgFv9gd4H)\" fill-rule=\"evenodd\" d=\"M9.25 9.25h-2.5A1.75 1.75 0 0 0 5 11v2.5h1.5V11a.25.25 0 0 1 .25-.25h6.5a.25.25 0 0 1 .25.25v2.5H15V11a1.75 1.75 0 0 0-1.75-1.75h-2.5V7h-1.5z\" clip-rule=\"evenodd\"/><path fill=\"url(#SVGE9ggpcAV)\" fill-rule=\"evenodd\" d=\"M9.25 9.25h-2.5A1.75 1.75 0 0 0 5 11v2.5h1.5V11a.25.25 0 0 1 .25-.25h6.5a.25.25 0 0 1 .25.25v2.5H15V11a1.75 1.75 0 0 0-1.75-1.75h-2.5V7h-1.5z\" clip-rule=\"evenodd\"/><path fill=\"url(#SVGnzT6UcIt)\" d=\"M8.75 15a3 3 0 1 1-6 0a3 3 0 0 1 6 0\"/><path fill=\"url(#SVGz63iJjCN)\" d=\"M17.25 15a3 3 0 1 1-6 0a3 3 0 0 1 6 0\"/><path fill=\"url(#SVGOnJxDb9h)\" d=\"M13 5a3 3 0 1 1-6 0a3 3 0 0 1 6 0\"/><defs><radialGradient id=\"SVGT75OH9nZ\" cx=\"0\" cy=\"0\" r=\"1\" gradientTransform=\"matrix(0 3.95312 -6.08173 0 10 5.047)\" gradientUnits=\"userSpaceOnUse\"><stop offset=\".553\" stop-color=\"#70777d\"/><stop offset=\"1\" stop-color=\"#70777d\" stop-opacity=\"0\"/></radialGradient><radialGradient id=\"SVGgFv9gd4H\" cx=\"0\" cy=\"0\" r=\"1\" gradientTransform=\"rotate(-90.221 10.229 4.768)scale(4.04691 6.22601)\" gradientUnits=\"userSpaceOnUse\"><stop offset=\".549\" stop-color=\"#70777d\"/><stop offset=\"1\" stop-color=\"#70777d\" stop-opacity=\"0\"/></radialGradient><radialGradient id=\"SVGE9ggpcAV\" cx=\"0\" cy=\"0\" r=\"1\" gradientTransform=\"matrix(.03125 -4 6.15384 .04808 14.484 15)\" gradientUnits=\"userSpaceOnUse\"><stop offset=\".549\" stop-color=\"#70777d\"/><stop offset=\"1\" stop-color=\"#70777d\" stop-opacity=\"0\"/></radialGradient><radialGradient id=\"SVGnzT6UcIt\" cx=\"0\" cy=\"0\" r=\"1\" gradientTransform=\"rotate(53.616 -5.694 1.79)scale(16.2256 13.8965)\" gradientUnits=\"userSpaceOnUse\"><stop offset=\".529\" stop-color=\"#1ec8b0\"/><stop offset=\"1\" stop-color=\"#1a7f7c\"/></radialGradient><radialGradient id=\"SVGz63iJjCN\" cx=\"0\" cy=\"0\" r=\"1\" gradientTransform=\"rotate(53.616 -1.444 10.201)scale(16.2256 13.8965)\" gradientUnits=\"userSpaceOnUse\"><stop offset=\".529\" stop-color=\"#7b7bff\"/><stop offset=\"1\" stop-color=\"#4a43cb\"/></radialGradient><radialGradient id=\"SVGOnJxDb9h\" cx=\"0\" cy=\"0\" r=\"1\" gradientTransform=\"rotate(53.616 6.326 .996)scale(16.2256 13.8965)\" gradientUnits=\"userSpaceOnUse\"><stop offset=\".529\" stop-color=\"#0fafff\"/><stop offset=\"1\" stop-color=\"#0067bf\"/></radialGradient><linearGradient id=\"SVGglPXncgf\" x1=\"5\" x2=\"6.618\" y1=\"7\" y2=\"14.111\" gradientUnits=\"userSpaceOnUse\"><stop stop-color=\"#b9c0c7\"/><stop offset=\"1\" stop-color=\"#70777d\"/></linearGradient></defs></g>"