width: 20
height: 20
body: "<g fill=\"none\"><path fill=\"url(#SVGW9enteqA)\" d=\"M1.5 13a2 2 0 0 1 2-2H10a2 2 0 0 1 2 2s0 4-5.25 4s-5.25-4-5.25-4\"/><path fill=\"url(#SVGe09jgjhX)\" d=\"M1.5 13a2 2 0 0 1 2-2H10a2 2 0 0 1 2 2s0 4-5.25 4s-5.25-4-5.25-4\"/><path fill=\"url(#SVGryR3v8fQ)\" fill-opacity=\".5\" d=\"M1.5 13a2 2 0 0 1 2-2H10a2 2 0 0 1 2 2s0 4-5.25 4s-5.25-4-5.25-4\"/><path fill=\"url(#SVGvuKxIbQF)\" d=\"M14.5 10a2.5 2.5 0 1 0 0-5a2.5 2.5 0 0 0 0 5\"/><path fill=\"url(#SVG6QiFqmMz)\" d=\"M6.75 10a3.25 3.25 0 1 0 0-6.5a3.25 3.25 0 0 0 0 6.5\"/><path fill=\"url(#SVGVoDsPd0j)\" d=\"M19 14.5a4.5 4.5 0 1 0-9 0a4.5 4.5 0 0 0 9 0\"/><path fill=\"url(#SVGLzqf7boU)\" d=\"M16.5 11.5a.5.5 0 0 1 .5.5v1.5a.5.5 0 0 1-.5.5H15a.5.5 0 0 1 0-1h.468a2 2 0 0 0-2.383.336a.5.5 0 0 1-.706-.707A3 3 0 0 1 16 12.152V12a.5.5 0 0 1 .5-.5m-.876 5.532A3 3 0 0 1 13 16.848V17a.5.5 0 0 1-1 0v-1.5a.5.5 0 0 1 .5-.5H14a.5.5 0 0 1 0 1h-.468q.075.042.155.077a2 2 0 0 0 2.227-.413a.5.5 0 0 1 .707.707c-.284.285-.624.51-.997.66\"/><defs><linearGradient id=\"SVGW9enteqA\" x1=\"3.997\" x2=\"6.153\" y1=\"11.798\" y2=\"17.823\" gradientUnits=\"userSpaceOnUse\"><stop offset=\".125\" stop-color=\"#bd96ff\"/><stop offset=\"1\" stop-color=\"#9c6cfe\"/></linearGradient><linearGradient id=\"SVGe09jgjhX\" x1=\"6.75\" x2=\"9.79\" y1=\"10.286\" y2=\"20.225\" gradientUnits=\"userSpaceOnUse\"><stop stop-color=\"#885edb\" stop-opacity=\"0\"/><stop offset=\"1\" stop-color=\"#e362f8\"/></linearGradient><linearGradient id=\"SVGvuKxIbQF\" x1=\"13.189\" x2=\"15.737\" y1=\"5.665\" y2=\"9.734\" gradientUnits=\"userSpaceOnUse\"><stop offset=\".125\" stop-color=\"#9c6cfe\"/><stop offset=\"1\" stop-color=\"#7a41dc\"/></linearGradient><linearGradient id=\"SVG6QiFqmMz\" x1=\"5.046\" x2=\"8.358\" y1=\"4.364\" y2=\"9.654\" gradientUnits=\"userSpaceOnUse\"><stop offset=\".125\" stop-color=\"#bd96ff\"/><stop offset=\"1\" stop-color=\"#9c6cfe\"/></linearGradient><linearGradient id=\"SVGVoDsPd0j\" x1=\"10.321\" x2=\"16.532\" y1=\"11.688\" y2=\"18.141\" gradientUnits=\"userSpaceOnUse\"><stop stop-color=\"#52d17c\"/><stop offset=\"1\" stop-color=\"#22918b\"/></linearGradient><linearGradient id=\"SVGLzqf7boU\" x1=\"12\" x2=\"16.142\" y1=\"11\" y2=\"17.238\" gradientUnits=\"userSpaceOnUse\"><stop stop-color=\"#fff\"/><stop offset=\"1\" stop-color=\"#e3ffd9\"/></linearGradient><radialGradient id=\"SVGryR3v8fQ\" cx=\"0\" cy=\"0\" r=\"1\" gradientTransform=\"matrix(2 4.64285 -4.64285 2 13 14.5)\" gradientUnits=\"userSpaceOnUse\"><stop stop-color=\"#30116e\"/><stop offset=\".331\" stop-color=\"#30116e\" stop-opacity=\".812\"/><stop offset=\"1\" stop-color=\"#30116e\" stop-opacity=\"0\"/></radialGradient></defs></g>"