width: 24
height: 24
body: "<g fill=\"none\"><path fill=\"url(#SVGM6yHbbEE)\" d=\"M4.25 13A2.25 2.25 0 0 0 2 15.25v.25S2 20 8 20s6-4.5 6-4.5v-.25A2.25 2.25 0 0 0 11.75 13z\"/><path fill=\"url(#SVGsGYVKefM)\" d=\"M4.25 13A2.25 2.25 0 0 0 2 15.25v.25S2 20 8 20s6-4.5 6-4.5v-.25A2.25 2.25 0 0 0 11.75 13z\"/><path fill=\"url(#SVGqcXDfcwF)\" fill-opacity=\".5\" d=\"M4.25 13A2.25 2.25 0 0 0 2 15.25v.25S2 20 8 20s6-4.5 6-4.5v-.25A2.25 2.25 0 0 0 11.75 13z\"/><path fill=\"url(#SVGLSv2ibJZ)\" d=\"M17 11a3 3 0 1 0 0-6a3 3 0 0 0 0 6\"/><path fill=\"url(#SVGRQHsldew)\" d=\"M8 11a4 4 0 1 0 0-8a4 4 0 0 0 0 8\"/><path fill=\"url(#SVGk7L0BbiZ)\" d=\"M17.501 23.002a5.501 5.501 0 1 0-4.812-2.833l-.666 2.186a.5.5 0 0 0 .624.625l2.187-.666c.79.439 1.7.688 2.667.688\"/><path fill=\"#212121\" d=\"M15.5 17.001a.5.5 0 1 1 0-1h4.002a.5.5 0 1 1 0 1zm2.001 2h-2a.5.5 0 1 1 0-1h2a.5.5 0 1 1 0 1\"/><path fill=\"url(#SVGc3elfd0E)\" d=\"M15.5 17.001a.5.5 0 1 1 0-1h4.002a.5.5 0 1 1 0 1zm2.001 2h-2a.5.5 0 1 1 0-1h2a.5.5 0 1 1 0 1\"/><defs><linearGradient id=\"SVGM6yHbbEE\" x1=\"4.854\" x2=\"7.41\" y1=\"13.931\" y2=\"20.927\" gradientUnits=\"userSpaceOnUse\"><stop offset=\".125\" stop-color=\"#bd96ff\"/><stop offset=\"1\" stop-color=\"#9c6cfe\"/></linearGradient><linearGradient id=\"SVGsGYVKefM\" x1=\"8\" x2=\"11.607\" y1=\"12.167\" y2=\"23.721\" gradientUnits=\"userSpaceOnUse\"><stop stop-color=\"#885edb\" stop-opacity=\"0\"/><stop offset=\"1\" stop-color=\"#e362f8\"/></linearGradient><linearGradient id=\"SVGLSv2ibJZ\" x1=\"15.427\" x2=\"18.485\" y1=\"5.798\" y2=\"10.68\" gradientUnits=\"userSpaceOnUse\"><stop offset=\".125\" stop-color=\"#9c6cfe\"/><stop offset=\"1\" stop-color=\"#7a41dc\"/></linearGradient><linearGradient id=\"SVGRQHsldew\" x1=\"5.902\" x2=\"9.98\" y1=\"4.063\" y2=\"10.574\" gradientUnits=\"userSpaceOnUse\"><stop offset=\".125\" stop-color=\"#bd96ff\"/><stop offset=\"1\" stop-color=\"#9c6cfe\"/></linearGradient><linearGradient id=\"SVGk7L0BbiZ\" x1=\"12.393\" x2=\"21.998\" y1=\"14.063\" y2=\"30.439\" gradientUnits=\"userSpaceOnUse\"><stop stop-color=\"#0fafff\"/><stop offset=\"1\" stop-color=\"#cc23d1\"/></linearGradient><linearGradient id=\"SVGc3elfd0E\" x1=\"15.438\" x2=\"15.742\" y1=\"16.054\" y2=\"19.319\" gradientUnits=\"userSpaceOnUse\"><stop stop-color=\"#fdfdfd\"/><stop offset=\"1\" stop-color=\"#cceaff\"/></linearGradient><radialGradient id=\"SVGqcXDfcwF\" cx=\"0\" cy=\"0\" r=\"1\" gradientTransform=\"rotate(66.499 -5.651 20.28)scale(5.58857 5.51762)\" gradientUnits=\"userSpaceOnUse\"><stop stop-color=\"#30116e\"/><stop offset=\".268\" stop-color=\"#30116e\" stop-opacity=\".812\"/><stop offset=\"1\" stop-color=\"#30116e\" stop-opacity=\"0\"/></radialGradient></defs></g>"