width: 20
height: 20
body: "<g fill=\"none\"><path fill=\"url(#SVGYNc8BbYD)\" d=\"M4.009 11A2 2 0 0 0 2 13c0 1.691.833 2.966 2.135 3.797C5.417 17.614 7.145 18 9 18s3.583-.386 4.865-1.203C15.167 15.967 16 14.69 16 13a2 2 0 0 0-2-2z\"/><path fill=\"url(#SVGjMxPFexB)\" d=\"M4.009 11A2 2 0 0 0 2 13c0 1.691.833 2.966 2.135 3.797C5.417 17.614 7.145 18 9 18s3.583-.386 4.865-1.203C15.167 15.967 16 14.69 16 13a2 2 0 0 0-2-2z\"/><path fill=\"url(#SVGdJYFBdnE)\" fill-opacity=\".75\" d=\"M4.009 11A2 2 0 0 0 2 13c0 1.691.833 2.966 2.135 3.797C5.417 17.614 7.145 18 9 18s3.583-.386 4.865-1.203C15.167 15.967 16 14.69 16 13a2 2 0 0 0-2-2z\"/><path fill=\"url(#SVG4nYGnrch)\" d=\"M9 2a4 4 0 1 0 0 8a4 4 0 0 0 0-8\"/><path fill=\"url(#SVGT4vpzdSd)\" d=\"m13.603 10.554l-3.496 6.998A1 1 0 0 0 11.002 19h6.996a1 1 0 0 0 .895-1.448l-3.5-6.999a1 1 0 0 0-1.79 0\"/><path fill=\"url(#SVGTpZYzfer)\" d=\"M14.998 12.495v3.002a.5.5 0 1 1-1 0v-3.002a.5.5 0 0 1 1 0m-.5 5.504a.5.5 0 1 1 0-1a.5.5 0 0 1 0 1\"/><defs><linearGradient id=\"SVGYNc8BbYD\" x1=\"5.329\" x2=\"7.591\" y1=\"11.931\" y2=\"19.153\" gradientUnits=\"userSpaceOnUse\"><stop offset=\".125\" stop-color=\"#9c6cfe\"/><stop offset=\"1\" stop-color=\"#7a41dc\"/></linearGradient><linearGradient id=\"SVGjMxPFexB\" x1=\"9\" x2=\"12.167\" y1=\"10.167\" y2=\"22\" gradientUnits=\"userSpaceOnUse\"><stop stop-color=\"#885edb\" stop-opacity=\"0\"/><stop offset=\"1\" stop-color=\"#e362f8\"/></linearGradient><linearGradient id=\"SVG4nYGnrch\" x1=\"6.902\" x2=\"10.979\" y1=\"3.063\" y2=\"9.574\" gradientUnits=\"userSpaceOnUse\"><stop offset=\".125\" stop-color=\"#9c6cfe\"/><stop offset=\"1\" stop-color=\"#7a41dc\"/></linearGradient><linearGradient id=\"SVGT4vpzdSd\" x1=\"11.406\" x2=\"17.313\" y1=\"8.594\" y2=\"19.844\" gradientUnits=\"userSpaceOnUse\"><stop stop-color=\"#ffcd0f\"/><stop offset=\"1\" stop-color=\"#fe8401\"/></linearGradient><linearGradient id=\"SVGTpZYzfer\" x1=\"13.164\" x2=\"16.371\" y1=\"11.995\" y2=\"17.697\" gradientUnits=\"userSpaceOnUse\"><stop stop-color=\"#4a4a4a\"/><stop offset=\"1\" stop-color=\"#212121\"/></linearGradient><radialGradient id=\"SVGdJYFBdnE\" cx=\"0\" cy=\"0\" r=\"1\" gradientTransform=\"matrix(3.99999 -9.99997 5.15086 2.06034 13 19)\" gradientUnits=\"userSpaceOnUse\"><stop stop-color=\"#0a1852\" stop-opacity=\".75\"/><stop offset=\"1\" stop-color=\"#0a1852\" stop-opacity=\"0\"/></radialGradient></defs></g>"