width: 32
height: 32
body: "<g fill=\"none\"><path fill=\"url(#SVGKCH4Jk8K)\" d=\"M23.563 18H7.5A3.5 3.5 0 0 0 4 21.5v.5c0 2.393 1.523 4.417 3.685 5.793C9.859 29.177 12.802 30 16 30s6.14-.823 8.315-2.206c1.295-.825 2.36-1.881 3.007-3.11z\"/><path fill=\"url(#SVGcp1ycBLD)\" d=\"M23.563 18H7.5A3.5 3.5 0 0 0 4 21.5v.5c0 2.393 1.523 4.417 3.685 5.793C9.859 29.177 12.802 30 16 30s6.14-.823 8.315-2.206c1.295-.825 2.36-1.881 3.007-3.11z\"/><path fill=\"url(#SVGzA88gdDz)\" fill-opacity=\".75\" d=\"M23.563 18H7.5A3.5 3.5 0 0 0 4 21.5v.5c0 2.393 1.523 4.417 3.685 5.793C9.859 29.177 12.802 30 16 30s6.14-.823 8.315-2.206c1.295-.825 2.36-1.881 3.007-3.11z\"/><path fill=\"url(#SVGUxDSsduC)\" d=\"M16 16a7 7 0 1 0 0-14a7 7 0 0 0 0 14\"/><path fill=\"url(#SVG3q0PydYx)\" d=\"m21.736 16.26l-5.998 11.302c-.707 1.332.259 2.938 1.767 2.938h10.989c1.508 0 2.473-1.605 1.766-2.938L24.262 16.26c-.537-1.013-1.989-1.013-2.526 0\"/><path fill=\"url(#SVG4epD3dQV)\" d=\"M23.749 19.75v5.5a.75.75 0 1 1-1.5 0v-5.5a.75.75 0 0 1 1.5 0m.25 8.25a1 1 0 1 1-2 0a1 1 0 0 1 2 0\"/><defs><linearGradient id=\"SVGKCH4Jk8K\" x1=\"9.707\" x2=\"13.584\" y1=\"19.595\" y2=\"31.977\" gradientUnits=\"userSpaceOnUse\"><stop offset=\".125\" stop-color=\"#9c6cfe\"/><stop offset=\"1\" stop-color=\"#7a41dc\"/></linearGradient><linearGradient id=\"SVGcp1ycBLD\" x1=\"16\" x2=\"21.429\" y1=\"16.571\" y2=\"36.857\" gradientUnits=\"userSpaceOnUse\"><stop stop-color=\"#885edb\" stop-opacity=\"0\"/><stop offset=\"1\" stop-color=\"#e362f8\"/></linearGradient><linearGradient id=\"SVGUxDSsduC\" x1=\"12.329\" x2=\"19.464\" y1=\"3.861\" y2=\"15.254\" gradientUnits=\"userSpaceOnUse\"><stop offset=\".125\" stop-color=\"#9c6cfe\"/><stop offset=\"1\" stop-color=\"#7a41dc\"/></linearGradient><linearGradient id=\"SVG3q0PydYx\" x1=\"17.845\" x2=\"27.69\" y1=\"13.157\" y2=\"31.903\" gradientUnits=\"userSpaceOnUse\"><stop stop-color=\"#ffcd0f\"/><stop offset=\"1\" stop-color=\"#fe8401\"/></linearGradient><linearGradient id=\"SVG4epD3dQV\" x1=\"20.332\" x2=\"25.136\" y1=\"19\" y2=\"29.248\" gradientUnits=\"userSpaceOnUse\"><stop stop-color=\"#4a4a4a\"/><stop offset=\"1\" stop-color=\"#212121\"/></linearGradient><radialGradient id=\"SVGzA88gdDz\" cx=\"0\" cy=\"0\" r=\"1\" gradientTransform=\"matrix(8.2143 -16.92863 8.71966 4.23105 21.5 31.5)\" gradientUnits=\"userSpaceOnUse\"><stop stop-color=\"#0a1852\" stop-opacity=\".75\"/><stop offset=\"1\" stop-color=\"#0a1852\" stop-opacity=\"0\"/></radialGradient></defs></g>"