width: 28
height: 28
body: "<g fill=\"none\"><path fill=\"url(#SVGrpMfTcER)\" d=\"M24 19.715V19a3 3 0 0 0-2.5-2.959L20 17.5L18.5 16H7a3 3 0 0 0-3 3v.715C4 23.433 8.21 26 14 26s10-2.708 10-6.285\"/><path fill=\"url(#SVGdXs3q9md)\" d=\"M24 19.715V19a3 3 0 0 0-2.5-2.959L20 17.5L18.5 16H7a3 3 0 0 0-3 3v.715C4 23.433 8.21 26 14 26s10-2.708 10-6.285\"/><path fill=\"url(#SVGWqpfse9o)\" fill-opacity=\".25\" d=\"M24 19.715V19a3 3 0 0 0-2.5-2.959L20 17.5L18.5 16H7a3 3 0 0 0-3 3v.715C4 23.433 8.21 26 14 26s10-2.708 10-6.285\"/><path fill=\"url(#SVGVfagBkbV)\" d=\"M14 2a6 6 0 1 1 0 12a6 6 0 0 1 0-12\"/><path fill=\"url(#SVG5PvlKcWW)\" d=\"m25.955 21.296l-5.236 5.399a1 1 0 0 1-1.436 0l-5.236-5.399a3.711 3.711 0 1 1 5.328-5.168l.626.646l.627-.646a3.711 3.711 0 1 1 5.327 5.168\"/><defs><linearGradient id=\"SVGrpMfTcER\" x1=\"8.756\" x2=\"11.987\" y1=\"17.329\" y2=\"27.647\" gradientUnits=\"userSpaceOnUse\"><stop offset=\".125\" stop-color=\"#9c6cfe\"/><stop offset=\"1\" stop-color=\"#7a41dc\"/></linearGradient><linearGradient id=\"SVGdXs3q9md\" x1=\"14\" x2=\"18.524\" y1=\"14.809\" y2=\"31.714\" gradientUnits=\"userSpaceOnUse\"><stop stop-color=\"#885edb\" stop-opacity=\"0\"/><stop offset=\"1\" stop-color=\"#e362f8\"/></linearGradient><linearGradient id=\"SVGVfagBkbV\" x1=\"10.854\" x2=\"16.969\" y1=\"3.595\" y2=\"13.361\" gradientUnits=\"userSpaceOnUse\"><stop offset=\".125\" stop-color=\"#9c6cfe\"/><stop offset=\"1\" stop-color=\"#7a41dc\"/></linearGradient><linearGradient id=\"SVG5PvlKcWW\" x1=\"14.556\" x2=\"22.214\" y1=\"15.751\" y2=\"28.88\" gradientUnits=\"userSpaceOnUse\"><stop stop-color=\"#fc92cb\"/><stop offset=\"1\" stop-color=\"#d7257d\"/></linearGradient><radialGradient id=\"SVGWqpfse9o\" cx=\"0\" cy=\"0\" r=\"1\" gradientTransform=\"matrix(8 6 -3.14514 4.19352 19.5 23)\" gradientUnits=\"userSpaceOnUse\"><stop offset=\".436\" stop-color=\"#30116e\"/><stop offset=\".715\" stop-color=\"#30116e\" stop-opacity=\".812\"/><stop offset=\"1\" stop-color=\"#30116e\" stop-opacity=\"0\"/></radialGradient></defs></g>"