width: 20
height: 20
body: "<g fill=\"none\"><path fill=\"url(#SVGYNc8BbYD)\" d=\"M14.5 13.5a2 2 0 0 0-2-2V11H4.009A2 2 0 0 0 2 13c0 1.691.833 2.966 2.135 3.797C5.417 17.614 7.145 18 9 18s3.583-.386 4.865-1.203C15.167 15.967 16 14.69 16 13c0-.478-.168-.917-.448-1.261A2 2 0 0 0 14.5 13.5\"/><path fill=\"url(#SVGjMxPFexB)\" d=\"M14.5 13.5a2 2 0 0 0-2-2V11H4.009A2 2 0 0 0 2 13c0 1.691.833 2.966 2.135 3.797C5.417 17.614 7.145 18 9 18s3.583-.386 4.865-1.203C15.167 15.967 16 14.69 16 13c0-.478-.168-.917-.448-1.261A2 2 0 0 0 14.5 13.5\"/><path fill=\"url(#SVGaZ5wFbZY)\" fill-opacity=\".5\" d=\"M14.5 13.5a2 2 0 0 0-2-2V11H4.009A2 2 0 0 0 2 13c0 1.691.833 2.966 2.135 3.797C5.417 17.614 7.145 18 9 18s3.583-.386 4.865-1.203C15.167 15.967 16 14.69 16 13c0-.478-.168-.917-.448-1.261A2 2 0 0 0 14.5 13.5\"/><path fill=\"url(#SVG4nYGnrch)\" d=\"M9 2a4 4 0 1 0 0 8a4 4 0 0 0 0-8\"/><path fill=\"url(#SVGLtz0md1X)\" d=\"m14.5 12.003l-.629-.493a2.394 2.394 0 0 0-3.244 3.5l3.503 3.83a.5.5 0 0 0 .738 0l3.504-3.83a2.394 2.394 0 0 0-3.244-3.5z\"/><defs><linearGradient id=\"SVGYNc8BbYD\" x1=\"5.329\" x2=\"7.591\" y1=\"11.931\" y2=\"19.153\" gradientUnits=\"userSpaceOnUse\"><stop offset=\".125\" stop-color=\"#9c6cfe\"/><stop offset=\"1\" stop-color=\"#7a41dc\"/></linearGradient><linearGradient id=\"SVGjMxPFexB\" x1=\"9\" x2=\"12.167\" y1=\"10.167\" y2=\"22\" gradientUnits=\"userSpaceOnUse\"><stop stop-color=\"#885edb\" stop-opacity=\"0\"/><stop offset=\"1\" stop-color=\"#e362f8\"/></linearGradient><linearGradient id=\"SVG4nYGnrch\" x1=\"6.902\" x2=\"10.979\" y1=\"3.063\" y2=\"9.574\" gradientUnits=\"userSpaceOnUse\"><stop offset=\".125\" stop-color=\"#9c6cfe\"/><stop offset=\"1\" stop-color=\"#7a41dc\"/></linearGradient><linearGradient id=\"SVGLtz0md1X\" x1=\"11\" x2=\"16.201\" y1=\"11.5\" y2=\"20.09\" gradientUnits=\"userSpaceOnUse\"><stop stop-color=\"#fc92cb\"/><stop offset=\"1\" stop-color=\"#d7257d\"/></linearGradient><radialGradient id=\"SVGaZ5wFbZY\" cx=\"0\" cy=\"0\" r=\"1\" gradientTransform=\"matrix(5.6163 4.29618 -2.5808 3.37382 15 15.5)\" gradientUnits=\"userSpaceOnUse\"><stop offset=\".436\" stop-color=\"#30116e\"/><stop offset=\".556\" stop-color=\"#30116e\" stop-opacity=\".812\"/><stop offset=\"1\" stop-color=\"#30116e\" stop-opacity=\"0\"/></radialGradient></defs></g>"