width: 48
height: 48
body: "<g fill=\"none\"><path fill=\"url(#SVGVyZogeSB)\" d=\"M12.25 28A4.25 4.25 0 0 0 8 32.249V33c0 3.756 1.942 6.567 4.92 8.38C15.85 43.163 19.786 44 24 44s8.15-.837 11.08-2.62C38.058 39.567 40 36.756 40 33v-.751A4.25 4.25 0 0 0 35.75 28z\"/><path fill=\"url(#SVGNT2VgdIW)\" d=\"M12.25 28A4.25 4.25 0 0 0 8 32.249V33c0 3.756 1.942 6.567 4.92 8.38C15.85 43.163 19.786 44 24 44s8.15-.837 11.08-2.62C38.058 39.567 40 36.756 40 33v-.751A4.25 4.25 0 0 0 35.75 28z\"/><path fill=\"url(#SVGB4OddbAZ)\" fill-opacity=\".75\" d=\"M12.25 28A4.25 4.25 0 0 0 8 32.249V33c0 3.756 1.942 6.567 4.92 8.38C15.85 43.163 19.786 44 24 44s8.15-.837 11.08-2.62C38.058 39.567 40 36.756 40 33v-.751A4.25 4.25 0 0 0 35.75 28z\"/><path fill=\"url(#SVGbs188dcy)\" d=\"M24 4c-5.523 0-10 4.477-10 10s4.477 10 10 10s10-4.477 10-10S29.523 4 24 4\"/><path fill=\"url(#SVGFaVQue0r)\" d=\"M43.494 46H26.498c-1.858 0-3.067-1.96-2.234-3.625l8.498-16.993c.921-1.843 3.547-1.843 4.468 0l8.498 16.993C46.561 44.04 45.352 46 43.494 46\"/><path fill=\"url(#SVG1cmT0bOC)\" d=\"M36.004 31a1 1 0 1 0-2 0v6a1 1 0 1 0 2 0zm-1 11.25a1.25 1.25 0 1 0 0-2.5a1.25 1.25 0 0 0 0 2.5\"/><defs><linearGradient id=\"SVGVyZogeSB\" x1=\"15.61\" x2=\"20.779\" y1=\"30.127\" y2=\"46.635\" gradientUnits=\"userSpaceOnUse\"><stop offset=\".125\" stop-color=\"#9c6cfe\"/><stop offset=\"1\" stop-color=\"#7a41dc\"/></linearGradient><linearGradient id=\"SVGNT2VgdIW\" x1=\"24\" x2=\"31.238\" y1=\"26.095\" y2=\"53.143\" gradientUnits=\"userSpaceOnUse\"><stop stop-color=\"#885edb\" stop-opacity=\"0\"/><stop offset=\"1\" stop-color=\"#e362f8\"/></linearGradient><linearGradient id=\"SVGbs188dcy\" x1=\"18.756\" x2=\"28.949\" y1=\"6.659\" y2=\"22.934\" gradientUnits=\"userSpaceOnUse\"><stop offset=\".125\" stop-color=\"#9c6cfe\"/><stop offset=\"1\" stop-color=\"#7a41dc\"/></linearGradient><linearGradient id=\"SVGFaVQue0r\" x1=\"27.434\" x2=\"41.871\" y1=\"20.563\" y2=\"48.063\" gradientUnits=\"userSpaceOnUse\"><stop stop-color=\"#ffcd0f\"/><stop offset=\"1\" stop-color=\"#fe8401\"/></linearGradient><linearGradient id=\"SVG1cmT0bOC\" x1=\"31.671\" x2=\"37.48\" y1=\"30\" y2=\"42.644\" gradientUnits=\"userSpaceOnUse\"><stop stop-color=\"#4a4a4a\"/><stop offset=\"1\" stop-color=\"#212121\"/></linearGradient><radialGradient id=\"SVGB4OddbAZ\" cx=\"0\" cy=\"0\" r=\"1\" gradientTransform=\"matrix(10 -24.49996 12.61958 5.15085 32 47)\" gradientUnits=\"userSpaceOnUse\"><stop stop-color=\"#0a1852\" stop-opacity=\".75\"/><stop offset=\"1\" stop-color=\"#0a1852\" stop-opacity=\"0\"/></radialGradient></defs></g>"