width: 24
height: 24
body: "<g fill=\"none\"><path fill=\"url(#SVGeaGEabqZ)\" d=\"M15.754 14a2.25 2.25 0 0 1 2.249 2.249v.918a2.75 2.75 0 0 1-.513 1.6C15.945 20.93 13.42 22 10 22s-5.944-1.072-7.486-3.236a2.75 2.75 0 0 1-.51-1.596v-.92A2.25 2.25 0 0 1 4.251 14z\"/><path fill=\"url(#SVGGd4MDJwx)\" d=\"M15.754 14a2.25 2.25 0 0 1 2.249 2.249v.918a2.75 2.75 0 0 1-.513 1.6C15.945 20.93 13.42 22 10 22s-5.944-1.072-7.486-3.236a2.75 2.75 0 0 1-.51-1.596v-.92A2.25 2.25 0 0 1 4.251 14z\"/><path fill=\"url(#SVGtOIlIeAV)\" fill-opacity=\".25\" d=\"M15.754 14a2.25 2.25 0 0 1 2.249 2.249v.918a2.75 2.75 0 0 1-.513 1.6C15.945 20.93 13.42 22 10 22s-5.944-1.072-7.486-3.236a2.75 2.75 0 0 1-.51-1.596v-.92A2.25 2.25 0 0 1 4.251 14z\"/><path fill=\"url(#SVGfhq52bzH)\" d=\"M10 2.005a5 5 0 1 1 0 10a5 5 0 0 1 0-10\"/><path fill=\"url(#SVGDMzUadte)\" d=\"M17.044 22.996a.75.75 0 0 1-.53-.22l-4.409-4.408a3.467 3.467 0 0 1 4.903-4.903l.036.036l.036-.036a3.467 3.467 0 0 1 4.903 4.903l-4.409 4.408a.75.75 0 0 1-.53.22\"/><defs><linearGradient id=\"SVGeaGEabqZ\" x1=\"5.808\" x2=\"8.394\" y1=\"15.064\" y2=\"23.319\" gradientUnits=\"userSpaceOnUse\"><stop offset=\".125\" stop-color=\"#9c6cfe\"/><stop offset=\"1\" stop-color=\"#7a41dc\"/></linearGradient><linearGradient id=\"SVGGd4MDJwx\" x1=\"10.003\" x2=\"13.623\" y1=\"13.047\" y2=\"26.573\" gradientUnits=\"userSpaceOnUse\"><stop stop-color=\"#885edb\" stop-opacity=\"0\"/><stop offset=\"1\" stop-color=\"#e362f8\"/></linearGradient><linearGradient id=\"SVGfhq52bzH\" x1=\"7.379\" x2=\"12.475\" y1=\"3.334\" y2=\"11.472\" gradientUnits=\"userSpaceOnUse\"><stop offset=\".125\" stop-color=\"#9c6cfe\"/><stop offset=\"1\" stop-color=\"#7a41dc\"/></linearGradient><linearGradient id=\"SVGDMzUadte\" x1=\"12.413\" x2=\"19.253\" y1=\"13.109\" y2=\"24.453\" gradientUnits=\"userSpaceOnUse\"><stop stop-color=\"#fc92cb\"/><stop offset=\"1\" stop-color=\"#d7257d\"/></linearGradient><radialGradient id=\"SVGtOIlIeAV\" cx=\"0\" cy=\"0\" r=\"1\" gradientTransform=\"matrix(6.81575 4.97655 -2.45733 3.36549 16.5 19)\" gradientUnits=\"userSpaceOnUse\"><stop offset=\".436\" stop-color=\"#30116e\"/><stop offset=\".715\" stop-color=\"#30116e\" stop-opacity=\".812\"/><stop offset=\"1\" stop-color=\"#30116e\" stop-opacity=\"0\"/></radialGradient></defs></g>"