width: 28
height: 28
body: "<g fill=\"none\"><path fill=\"url(#SVGrpMfTcER)\" d=\"M21.127 16.003L21 16H7a3 3 0 0 0-3 3v.715C4 23.433 8.21 26 14 26c5.159 0 9.064-2.15 9.854-5.15z\"/><path fill=\"url(#SVGdXs3q9md)\" d=\"M21.127 16.003L21 16H7a3 3 0 0 0-3 3v.715C4 23.433 8.21 26 14 26c5.159 0 9.064-2.15 9.854-5.15z\"/><path fill=\"url(#SVGWAb0hchn)\" fill-opacity=\".75\" d=\"M21.127 16.003L21 16H7a3 3 0 0 0-3 3v.715C4 23.433 8.21 26 14 26c5.159 0 9.064-2.15 9.854-5.15z\"/><path fill=\"url(#SVGVfagBkbV)\" d=\"M14 2a6 6 0 1 1 0 12a6 6 0 0 1 0-12\"/><path fill=\"url(#SVGKi7HVyfW)\" d=\"m19.164 14.828l-5.002 9.992c-.501 1 .222 2.18 1.336 2.18h10.004c1.114 0 1.837-1.18 1.336-2.18l-5.002-9.992c-.552-1.104-2.12-1.104-2.672 0\"/><path fill=\"url(#SVG47RB8chz)\" d=\"M21 17.5v5a.5.5 0 0 1-1 0v-5a.5.5 0 0 1 1 0m-.5 7.5a.5.5 0 1 1 0-1a.5.5 0 0 1 0 1\"/><defs><linearGradient id=\"SVGrpMfTcER\" x1=\"8.756\" x2=\"11.987\" y1=\"17.329\" y2=\"27.647\" gradientUnits=\"userSpaceOnUse\"><stop offset=\".125\" stop-color=\"#9c6cfe\"/><stop offset=\"1\" stop-color=\"#7a41dc\"/></linearGradient><linearGradient id=\"SVGdXs3q9md\" x1=\"14\" x2=\"18.524\" y1=\"14.809\" y2=\"31.714\" gradientUnits=\"userSpaceOnUse\"><stop stop-color=\"#885edb\" stop-opacity=\"0\"/><stop offset=\"1\" stop-color=\"#e362f8\"/></linearGradient><linearGradient id=\"SVGVfagBkbV\" x1=\"10.854\" x2=\"16.969\" y1=\"3.595\" y2=\"13.361\" gradientUnits=\"userSpaceOnUse\"><stop offset=\".125\" stop-color=\"#9c6cfe\"/><stop offset=\"1\" stop-color=\"#7a41dc\"/></linearGradient><linearGradient id=\"SVGKi7HVyfW\" x1=\"16.031\" x2=\"24.563\" y1=\"11.969\" y2=\"28.219\" gradientUnits=\"userSpaceOnUse\"><stop stop-color=\"#ffcd0f\"/><stop offset=\"1\" stop-color=\"#fe8401\"/></linearGradient><linearGradient id=\"SVG47RB8chz\" x1=\"19.167\" x2=\"23.967\" y1=\"17\" y2=\"23.4\" gradientUnits=\"userSpaceOnUse\"><stop stop-color=\"#4a4a4a\"/><stop offset=\"1\" stop-color=\"#212121\"/></linearGradient><radialGradient id=\"SVGWAb0hchn\" cx=\"0\" cy=\"0\" r=\"1\" gradientTransform=\"matrix(6.49984 -14.50002 7.46878 3.348 19 27.5)\" gradientUnits=\"userSpaceOnUse\"><stop stop-color=\"#0a1852\" stop-opacity=\".75\"/><stop offset=\"1\" stop-color=\"#0a1852\" stop-opacity=\"0\"/></radialGradient></defs></g>"