width: 32
height: 32
body: "<g fill=\"none\"><path fill=\"url(#SVGnJkSOdks)\" d=\"M18.4 18H7.5A3.5 3.5 0 0 0 4 21.5v.5c0 2.393 1.523 4.417 3.685 5.793C9.859 29.177 12.802 30 16 30c1.133 0 2.235-.103 3.28-.298A7.49 7.49 0 0 1 16 23.5a7.48 7.48 0 0 1 2.4-5.5\"/><path fill=\"url(#SVG1aMp3b8N)\" d=\"M18.4 18H7.5A3.5 3.5 0 0 0 4 21.5v.5c0 2.393 1.523 4.417 3.685 5.793C9.859 29.177 12.802 30 16 30c1.133 0 2.235-.103 3.28-.298A7.49 7.49 0 0 1 16 23.5a7.48 7.48 0 0 1 2.4-5.5\"/><path fill=\"url(#SVGD8kAxdOb)\" fill-opacity=\".5\" d=\"M18.4 18H7.5A3.5 3.5 0 0 0 4 21.5v.5c0 2.393 1.523 4.417 3.685 5.793C9.859 29.177 12.802 30 16 30c1.133 0 2.235-.103 3.28-.298A7.49 7.49 0 0 1 16 23.5a7.48 7.48 0 0 1 2.4-5.5\"/><path fill=\"url(#SVGUxDSsduC)\" d=\"M16 16a7 7 0 1 0 0-14a7 7 0 0 0 0 14\"/><path fill=\"url(#SVGt69brdeL)\" d=\"M16.424 25.99c.263.748.64 1.442 1.113 2.06l10.512-10.513a7.5 7.5 0 0 0-2.058-1.113z\"/><path fill=\"url(#SVGt69brdeL)\" d=\"M23.586 16H23.5a7.5 7.5 0 0 0-7.5 7.586z\"/><path fill=\"url(#SVGt69brdeL)\" d=\"M29.463 18.951L18.951 29.463c.618.472 1.31.85 2.058 1.114l9.568-9.568a7.5 7.5 0 0 0-1.114-2.058\"/><path fill=\"url(#SVGt69brdeL)\" d=\"M31 23.415L23.415 31h.085a7.5 7.5 0 0 0 7.5-7.585\"/><defs><linearGradient id=\"SVGnJkSOdks\" x1=\"7.895\" x2=\"13.048\" y1=\"19.595\" y2=\"30.826\" gradientUnits=\"userSpaceOnUse\"><stop offset=\".125\" stop-color=\"#9c6cfe\"/><stop offset=\"1\" stop-color=\"#7a41dc\"/></linearGradient><linearGradient id=\"SVG1aMp3b8N\" x1=\"12.19\" x2=\"19.578\" y1=\"16.571\" y2=\"35.413\" gradientUnits=\"userSpaceOnUse\"><stop stop-color=\"#885edb\" stop-opacity=\"0\"/><stop offset=\"1\" stop-color=\"#e362f8\"/></linearGradient><linearGradient id=\"SVGUxDSsduC\" x1=\"12.329\" x2=\"19.464\" y1=\"3.861\" y2=\"15.254\" gradientUnits=\"userSpaceOnUse\"><stop offset=\".125\" stop-color=\"#9c6cfe\"/><stop offset=\"1\" stop-color=\"#7a41dc\"/></linearGradient><linearGradient id=\"SVGt69brdeL\" x1=\"16\" x2=\"32.25\" y1=\"16.469\" y2=\"32.406\" gradientUnits=\"userSpaceOnUse\"><stop stop-color=\"#29c3ff\"/><stop offset=\"1\" stop-color=\"#0078d4\"/></linearGradient><radialGradient id=\"SVGD8kAxdOb\" cx=\"0\" cy=\"0\" r=\"1\" gradientTransform=\"matrix(0 9.74863 -9.15568 0 23.593 24)\" gradientUnits=\"userSpaceOnUse\"><stop offset=\".423\" stop-color=\"#30116e\"/><stop offset=\"1\" stop-color=\"#30116e\" stop-opacity=\"0\"/></radialGradient></defs></g>"