width: 32
height: 32
body: "<g fill=\"none\"><path fill=\"url(#SVGKCH4Jk8K)\" d=\"m20 18l2.646 2.646a.5.5 0 0 0 .708 0l2.41-2.41A3.5 3.5 0 0 1 28 21.5v.5c0 2.393-1.523 4.418-3.685 5.794C22.141 29.177 19.198 30 16 30s-6.14-.823-8.315-2.207C5.523 26.417 4 24.393 4 22v-.5A3.5 3.5 0 0 1 7.5 18z\"/><path fill=\"url(#SVGcp1ycBLD)\" d=\"m20 18l2.646 2.646a.5.5 0 0 0 .708 0l2.41-2.41A3.5 3.5 0 0 1 28 21.5v.5c0 2.393-1.523 4.418-3.685 5.794C22.141 29.177 19.198 30 16 30s-6.14-.823-8.315-2.207C5.523 26.417 4 24.393 4 22v-.5A3.5 3.5 0 0 1 7.5 18z\"/><path fill=\"url(#SVGN62uqenI)\" fill-opacity=\".25\" d=\"m20 18l2.646 2.646a.5.5 0 0 0 .708 0l2.41-2.41A3.5 3.5 0 0 1 28 21.5v.5c0 2.393-1.523 4.418-3.685 5.794C22.141 29.177 19.198 30 16 30s-6.14-.823-8.315-2.207C5.523 26.417 4 24.393 4 22v-.5A3.5 3.5 0 0 1 7.5 18z\"/><path fill=\"url(#SVGUxDSsduC)\" d=\"M16 16a7 7 0 1 0 0-14a7 7 0 0 0 0 14\"/><path fill=\"url(#SVGuLUEnZFh)\" d=\"m22.997 19.337l-.608-.765a4.105 4.105 0 0 0-6.082-.415c-1.68 1.614-1.75 4.314-.156 6.017l6.079 6.491a1.047 1.047 0 0 0 1.534 0l6.082-6.486c1.598-1.704 1.528-4.41-.157-6.026a4.11 4.11 0 0 0-6.084.419z\"/><defs><linearGradient id=\"SVGKCH4Jk8K\" x1=\"9.707\" x2=\"13.584\" y1=\"19.595\" y2=\"31.977\" gradientUnits=\"userSpaceOnUse\"><stop offset=\".125\" stop-color=\"#9c6cfe\"/><stop offset=\"1\" stop-color=\"#7a41dc\"/></linearGradient><linearGradient id=\"SVGcp1ycBLD\" x1=\"16\" x2=\"21.429\" y1=\"16.571\" y2=\"36.857\" gradientUnits=\"userSpaceOnUse\"><stop stop-color=\"#885edb\" stop-opacity=\"0\"/><stop offset=\"1\" stop-color=\"#e362f8\"/></linearGradient><linearGradient id=\"SVGUxDSsduC\" x1=\"12.329\" x2=\"19.464\" y1=\"3.861\" y2=\"15.254\" gradientUnits=\"userSpaceOnUse\"><stop offset=\".125\" stop-color=\"#9c6cfe\"/><stop offset=\"1\" stop-color=\"#7a41dc\"/></linearGradient><linearGradient id=\"SVGuLUEnZFh\" x1=\"16.778\" x2=\"25.806\" y1=\"17.875\" y2=\"33.031\" gradientUnits=\"userSpaceOnUse\"><stop stop-color=\"#fc92cb\"/><stop offset=\"1\" stop-color=\"#d7257d\"/></linearGradient><radialGradient id=\"SVGN62uqenI\" cx=\"0\" cy=\"0\" r=\"1\" gradientTransform=\"matrix(11.49998 7.99999 -3.95004 5.67818 24.5 26)\" gradientUnits=\"userSpaceOnUse\"><stop offset=\".436\" stop-color=\"#30116e\"/><stop offset=\".715\" stop-color=\"#30116e\" stop-opacity=\".812\"/><stop offset=\"1\" stop-color=\"#30116e\" stop-opacity=\"0\"/></radialGradient></defs></g>"