width: 20
height: 20
body: "<g fill=\"none\"><path fill=\"url(#SVGwbspQ9zo)\" d=\"M15.764 13H4.236a1 1 0 0 0-.447.106l-1.342.67A.81.81 0 0 0 2 14.5a.5.5 0 0 0 .5.5h15a.5.5 0 0 0 .5-.5a.81.81 0 0 0-.447-.724l-1.342-.67a1 1 0 0 0-.447-.106\"/><path fill=\"url(#SVGpt6EAbha)\" d=\"M2.5 14a.5.5 0 0 0 0 1h15a.5.5 0 0 0 0-1z\"/><path fill=\"url(#SVGsy0T4A8f)\" d=\"M4.5 4A1.5 1.5 0 0 0 3 5.5v6A1.5 1.5 0 0 0 4.5 13h11a1.5 1.5 0 0 0 1.5-1.5v-6A1.5 1.5 0 0 0 15.5 4z\"/><path fill=\"url(#SVGATpIKbXn)\" fill-opacity=\".3\" d=\"M3 5.5A1.5 1.5 0 0 1 4.5 4h11A1.5 1.5 0 0 1 17 5.5v6a1.5 1.5 0 0 1-1.5 1.5h.264c.155 0 .308.036.447.106l1.342.67A.81.81 0 0 1 18 14.5a.5.5 0 0 1-.5.5h-15a.5.5 0 0 1-.5-.5a.81.81 0 0 1 .447-.724l1.342-.67A1 1 0 0 1 4.236 13H4.5A1.5 1.5 0 0 1 3 11.5z\"/><path fill=\"url(#SVGijFKScIn)\" d=\"M2 8.5A1.5 1.5 0 0 1 3.5 7h4A1.5 1.5 0 0 1 9 8.5v8A1.5 1.5 0 0 1 7.5 18h-4A1.5 1.5 0 0 1 2 16.5z\"/><path fill=\"url(#SVGr7VBgq3n)\" d=\"M5 15a.5.5 0 0 0 0 1h1a.5.5 0 0 0 0-1z\"/><defs><radialGradient id=\"SVGATpIKbXn\" cx=\"0\" cy=\"0\" r=\"1\" gradientTransform=\"matrix(4.5 0 0 5.59375 6 12)\" gradientUnits=\"userSpaceOnUse\"><stop offset=\".563\" stop-color=\"#4a43cb\"/><stop offset=\"1\" stop-color=\"#4a43cb\" stop-opacity=\"0\"/></radialGradient><radialGradient id=\"SVGijFKScIn\" cx=\"0\" cy=\"0\" r=\"1\" gradientTransform=\"rotate(61.756 -2.566 1.818)scale(18.0277 35.5671)\" gradientUnits=\"userSpaceOnUse\"><stop stop-color=\"#f08af4\"/><stop offset=\".535\" stop-color=\"#9c6cfe\"/><stop offset=\"1\" stop-color=\"#4e44db\"/></radialGradient><radialGradient id=\"SVGr7VBgq3n\" cx=\"0\" cy=\"0\" r=\"1\" gradientTransform=\"rotate(53.319 -12.911 11.704)scale(3.03418 3.47746)\" gradientUnits=\"userSpaceOnUse\"><stop stop-color=\"#decbff\"/><stop offset=\"1\" stop-color=\"#d6cfff\"/></radialGradient><linearGradient id=\"SVGwbspQ9zo\" x1=\"18\" x2=\"17.543\" y1=\"14.857\" y2=\"11.2\" gradientUnits=\"userSpaceOnUse\"><stop stop-color=\"#63686e\"/><stop offset=\"1\" stop-color=\"#889096\"/></linearGradient><linearGradient id=\"SVGpt6EAbha\" x1=\"18\" x2=\"17.884\" y1=\"14.929\" y2=\"13.079\" gradientUnits=\"userSpaceOnUse\"><stop stop-color=\"#889096\"/><stop offset=\"1\" stop-color=\"#aab3bd\"/></linearGradient><linearGradient id=\"SVGsy0T4A8f\" x1=\"12.8\" x2=\"13.282\" y1=\"4\" y2=\"14.299\" gradientUnits=\"userSpaceOnUse\"><stop stop-color=\"#6ce0ff\"/><stop offset=\"1\" stop-color=\"#4894fe\"/></linearGradient></defs></g>"