width: 32
height: 32
body: "<g fill=\"none\"><path fill=\"url(#SVGtm3Decpm)\" d=\"m7.5 22l8.5-.5l8.5.5h.307q.194 0 .372.072l3.893 1.557c.56.224.928.767.928 1.371H2c0-.604.368-1.147.928-1.371l3.893-1.558A1 1 0 0 1 7.193 22z\"/><path fill=\"url(#SVGz3frCoae)\" d=\"M3 24a1 1 0 1 0 0 2h26a1 1 0 1 0 0-2z\"/><path fill=\"url(#SVG8jUSIdFl)\" d=\"M4 9.25A3.25 3.25 0 0 1 7.25 6h17.5A3.25 3.25 0 0 1 28 9.25v9.5A3.25 3.25 0 0 1 24.75 22H7.25A3.25 3.25 0 0 1 4 18.75z\"/><path fill=\"url(#SVG3wORTciJ)\" fill-opacity=\".3\" d=\"M7.25 6A3.25 3.25 0 0 0 4 9.25v9.5A3.25 3.25 0 0 0 7.25 22h-.057a1 1 0 0 0-.372.072l-3.893 1.557C2.368 23.853 2 24.396 2 25a1 1 0 0 0 1 1h26a1 1 0 0 0 1-1c0-.604-.368-1.147-.928-1.371l-3.893-1.558a1 1 0 0 0-.372-.071h-.057A3.25 3.25 0 0 0 28 18.75v-9.5A3.25 3.25 0 0 0 24.75 6z\"/><path fill=\"url(#SVGMJdWVb7B)\" d=\"M2 13a3 3 0 0 1 3-3h6a3 3 0 0 1 3 3v12a3 3 0 0 1-3 3H5a3 3 0 0 1-3-3z\"/><rect width=\"4\" height=\"2\" x=\"6\" y=\"23\" fill=\"url(#SVGDeexSBNv)\" rx=\"1\"/><defs><radialGradient id=\"SVG3wORTciJ\" cx=\"0\" cy=\"0\" r=\"1\" gradientTransform=\"matrix(4.5 0 0 13 12 22)\" gradientUnits=\"userSpaceOnUse\"><stop offset=\".009\" stop-color=\"#4a43cb\"/><stop offset=\".325\" stop-color=\"#4a43cb\"/><stop offset=\"1\" stop-color=\"#4a43cb\" stop-opacity=\"0\"/></radialGradient><radialGradient id=\"SVGMJdWVb7B\" cx=\"0\" cy=\"0\" r=\"1\" gradientTransform=\"rotate(60.63 -3.76 1.051)scale(29.8201 60.3172)\" gradientUnits=\"userSpaceOnUse\"><stop stop-color=\"#f08af4\"/><stop offset=\".535\" stop-color=\"#9c6cfe\"/><stop offset=\"1\" stop-color=\"#4e44db\"/></radialGradient><radialGradient id=\"SVGDeexSBNv\" cx=\"0\" cy=\"0\" r=\"1\" gradientTransform=\"rotate(53.319 -20.35 16.92)scale(6.06837 6.95492)\" gradientUnits=\"userSpaceOnUse\"><stop stop-color=\"#decbff\"/><stop offset=\"1\" stop-color=\"#d6cfff\"/></radialGradient><linearGradient id=\"SVGtm3Decpm\" x1=\"29.913\" x2=\"27.617\" y1=\"27.071\" y2=\"16.424\" gradientUnits=\"userSpaceOnUse\"><stop stop-color=\"#63686e\"/><stop offset=\"1\" stop-color=\"#889096\"/></linearGradient><linearGradient id=\"SVGz3frCoae\" x1=\"30\" x2=\"29.736\" y1=\"25.857\" y2=\"22.162\" gradientUnits=\"userSpaceOnUse\"><stop stop-color=\"#889096\"/><stop offset=\"1\" stop-color=\"#aab3bd\"/></linearGradient><linearGradient id=\"SVG8jUSIdFl\" x1=\"20.8\" x2=\"21.689\" y1=\"6\" y2=\"24.307\" gradientUnits=\"userSpaceOnUse\"><stop stop-color=\"#6ce0ff\"/><stop offset=\"1\" stop-color=\"#4894fe\"/></linearGradient></defs></g>"