width: 16
height: 16
body: "<g fill=\"none\"><path fill=\"url(#SVGgc1zneTU)\" d=\"M5.5 10L9 9.5l3.5.5h.264c.155 0 .308.036.447.106l1.342.67A.81.81 0 0 1 15 11.5H3a.81.81 0 0 1 .447-.724l1.342-.67A1 1 0 0 1 5.236 10z\"/><path fill=\"url(#SVGWsJYqbPw)\" d=\"M5.5 10L9 9.5l3.5.5h.264c.155 0 .308.036.447.106l1.342.67A.81.81 0 0 1 15 11.5H3a.81.81 0 0 1 .447-.724l1.342-.67A1 1 0 0 1 5.236 10z\"/><path fill=\"url(#SVG1emb8UIE)\" d=\"M3.5 11a.5.5 0 0 0 0 1h11a.5.5 0 0 0 0-1z\"/><path fill=\"url(#SVGciNQDPid)\" d=\"M4 4.5A1.5 1.5 0 0 1 5.5 3h7A1.5 1.5 0 0 1 14 4.5v4a1.5 1.5 0 0 1-1.5 1.5h-7A1.5 1.5 0 0 1 4 8.5z\"/><path fill=\"url(#SVGjeV2bcwA)\" fill-opacity=\".3\" d=\"M5.5 3A1.5 1.5 0 0 0 4 4.5v4A1.5 1.5 0 0 0 5.5 10h-.264a1 1 0 0 0-.447.106l-1.342.67A.81.81 0 0 0 3 11.5a.5.5 0 0 0 .5.5h11a.5.5 0 0 0 .5-.5a.81.81 0 0 0-.447-.724l-1.342-.67a1 1 0 0 0-.447-.106H12.5A1.5 1.5 0 0 0 14 8.5v-4A1.5 1.5 0 0 0 12.5 3z\"/><path fill=\"url(#SVGvyCfdciA)\" d=\"M2.5 5A1.5 1.5 0 0 0 1 6.5v6A1.5 1.5 0 0 0 2.5 14h3A1.5 1.5 0 0 0 7 12.5v-6A1.5 1.5 0 0 0 5.5 5z\"/><path fill=\"url(#SVGkiOjzjCO)\" d=\"M4 12.5a.5.5 0 1 1 0-1a.5.5 0 0 1 0 1\"/><defs><radialGradient id=\"SVGgc1zneTU\" cx=\"0\" cy=\"0\" r=\"1\" gradientTransform=\"rotate(15.65 -26.912 6.479)scale(29.931 24.247)\" gradientUnits=\"userSpaceOnUse\"><stop stop-color=\"#f08af4\"/><stop offset=\".265\" stop-color=\"#9c6cfe\"/><stop offset=\".453\" stop-color=\"#4e44db\"/></radialGradient><radialGradient id=\"SVGjeV2bcwA\" cx=\"0\" cy=\"0\" r=\"1\" gradientTransform=\"matrix(2.5 0 0 5.23437 6 9.5)\" gradientUnits=\"userSpaceOnUse\"><stop offset=\".148\" stop-color=\"#4a43cb\"/><stop offset=\"1\" stop-color=\"#4a43cb\" stop-opacity=\"0\"/></radialGradient><radialGradient id=\"SVGvyCfdciA\" cx=\"0\" cy=\"0\" r=\"1\" gradientTransform=\"rotate(60.63 -1.88 .526)scale(14.9101 30.1586)\" gradientUnits=\"userSpaceOnUse\"><stop stop-color=\"#f08af4\"/><stop offset=\".535\" stop-color=\"#9c6cfe\"/><stop offset=\"1\" stop-color=\"#4e44db\"/></radialGradient><radialGradient id=\"SVGkiOjzjCO\" cx=\"0\" cy=\"0\" r=\"1\" gradientTransform=\"rotate(69.573 -6.653 8.19)scale(2.59661 2.03173)\" gradientUnits=\"userSpaceOnUse\"><stop stop-color=\"#decbff\"/><stop offset=\"1\" stop-color=\"#d6cfff\"/></radialGradient><linearGradient id=\"SVGWsJYqbPw\" x1=\"15\" x2=\"13.951\" y1=\"11.976\" y2=\"7.257\" gradientUnits=\"userSpaceOnUse\"><stop stop-color=\"#63686e\"/><stop offset=\"1\" stop-color=\"#889096\"/></linearGradient><linearGradient id=\"SVG1emb8UIE\" x1=\"15\" x2=\"14.846\" y1=\"11.929\" y2=\"10.084\" gradientUnits=\"userSpaceOnUse\"><stop stop-color=\"#889096\"/><stop offset=\"1\" stop-color=\"#aab3bd\"/></linearGradient><linearGradient id=\"SVGciNQDPid\" x1=\"11\" x2=\"11.408\" y1=\"3\" y2=\"11.007\" gradientUnits=\"userSpaceOnUse\"><stop stop-color=\"#6ce0ff\"/><stop offset=\"1\" stop-color=\"#4894fe\"/></linearGradient></defs></g>"