width: 24
height: 24
body: "<g fill=\"none\"><path fill=\"url(#SVGUCkaXbAi)\" fill-rule=\"evenodd\" d=\"M4.5 4a.5.5 0 0 0-.5.5V8a1 1 0 0 1-2 0V4.5A2.5 2.5 0 0 1 4.5 2H8a1 1 0 0 1 0 2zM15 3a1 1 0 0 1 1-1h3.5A2.5 2.5 0 0 1 22 4.5V8a1 1 0 1 1-2 0V4.5a.5.5 0 0 0-.5-.5H16a1 1 0 0 1-1-1M3 15a1 1 0 0 1 1 1v3.5a.5.5 0 0 0 .5.5H8a1 1 0 1 1 0 2H4.5A2.5 2.5 0 0 1 2 19.5V16a1 1 0 0 1 1-1m18 0a1 1 0 0 1 1 1v3.5a2.5 2.5 0 0 1-2.5 2.5H16a1 1 0 1 1 0-2h3.5a.5.5 0 0 0 .5-.5V16a1 1 0 0 1 1-1\" clip-rule=\"evenodd\"/><path fill=\"url(#SVGFdJgVcve)\" d=\"M12 15a3 3 0 1 0 0-6a3 3 0 0 0 0 6M7.5 8.75a1.25 1.25 0 1 0 0-2.5a1.25 1.25 0 0 0 0 2.5\"/><defs><radialGradient id=\"SVGFdJgVcve\" cx=\"0\" cy=\"0\" r=\"1\" gradientTransform=\"rotate(48.013 -4.98 14.305)scale(7.35745 6.30132)\" gradientUnits=\"userSpaceOnUse\"><stop stop-color=\"#0fafff\"/><stop offset=\"1\" stop-color=\"#2052cb\"/></radialGradient><linearGradient id=\"SVGUCkaXbAi\" x1=\"1.21\" x2=\"16.893\" y1=\".325\" y2=\"25.659\" gradientUnits=\"userSpaceOnUse\"><stop offset=\".015\" stop-color=\"#3dcbff\"/><stop offset=\"1\" stop-color=\"#0094f0\"/></linearGradient></defs></g>"