width: 16
height: 16
body: "<g fill=\"none\"><path fill=\"url(#SVGe0Oxyc4T)\" fill-rule=\"evenodd\" d=\"M3.5 3a.5.5 0 0 0-.5.5V5a1 1 0 0 1-2 0V3.5A2.5 2.5 0 0 1 3.5 1H5a1 1 0 0 1 0 2zM10 2a1 1 0 0 1 1-1h1.5A2.5 2.5 0 0 1 15 3.5V5a1 1 0 1 1-2 0V3.5a.5.5 0 0 0-.5-.5H11a1 1 0 0 1-1-1m-8 8a1 1 0 0 1 1 1v1.5a.5.5 0 0 0 .5.5H5a1 1 0 1 1 0 2H3.5A2.5 2.5 0 0 1 1 12.5V11a1 1 0 0 1 1-1m12 0a1 1 0 0 1 1 1v1.5a2.5 2.5 0 0 1-2.5 2.5H11a1 1 0 1 1 0-2h1.5a.5.5 0 0 0 .5-.5V11a1 1 0 0 1 1-1\" clip-rule=\"evenodd\"/><path fill=\"url(#SVGw5NivcNQ)\" d=\"M8 10a2 2 0 1 0 0-4a2 2 0 0 0 0 4M5.25 6a.75.75 0 1 0 0-1.5a.75.75 0 0 0 0 1.5\"/><defs><radialGradient id=\"SVGw5NivcNQ\" cx=\"0\" cy=\"0\" r=\"1\" gradientTransform=\"rotate(48.013 -3.486 9.92)scale(4.62468 3.96083)\" gradientUnits=\"userSpaceOnUse\"><stop stop-color=\"#0fafff\"/><stop offset=\"1\" stop-color=\"#2052cb\"/></radialGradient><linearGradient id=\"SVGe0Oxyc4T\" x1=\".447\" x2=\"11.425\" y1=\"-.172\" y2=\"17.561\" gradientUnits=\"userSpaceOnUse\"><stop offset=\".015\" stop-color=\"#3dcbff\"/><stop offset=\"1\" stop-color=\"#0094f0\"/></linearGradient></defs></g>"