width: 24
height: 24
body: "<g fill=\"none\"><path fill=\"url(#SVGRGnVmmWC)\" d=\"M5.57 12L4.446 9l9.143 2.024c1.045.231 1.045 1.721 0 1.952L4.446 15z\"/><path fill=\"url(#SVGzLKzVbQj)\" d=\"m12.815 12.197l-7.532 1.256a.5.5 0 0 0-.386.318L2.3 20.728c-.248.64.421 1.25 1.035.943l18-9a.75.75 0 0 0 0-1.342l-18-9c-.614-.307-1.283.304-1.035.943l2.598 6.957a.5.5 0 0 0 .386.319l7.532 1.255a.2.2 0 0 1 0 .394\"/><path fill=\"url(#SVGCxneLcXV)\" d=\"m12.815 12.197l-7.532 1.256a.5.5 0 0 0-.386.318L2.3 20.728c-.248.64.421 1.25 1.035.943l18-9a.75.75 0 0 0 0-1.342l-18-9c-.614-.307-1.283.304-1.035.943l2.598 6.957a.5.5 0 0 0 .386.319l7.532 1.255a.2.2 0 0 1 0 .394\"/><path fill=\"url(#SVGFk5WPesk)\" fill-opacity=\".3\" d=\"m12.815 12.197l-7.532 1.256a.5.5 0 0 0-.386.318L2.3 20.728c-.248.64.421 1.25 1.035.943l18-9a.75.75 0 0 0 0-1.342l-18-9c-.614-.307-1.283.304-1.035.943l2.598 6.957a.5.5 0 0 0 .386.319l7.532 1.255a.2.2 0 0 1 0 .394\"/><path fill=\"url(#SVG9jyEQita)\" d=\"M17.5 12a5.5 5.5 0 1 1 0 11a5.5 5.5 0 0 1 0-11\"/><path fill=\"url(#SVGbzW9VbgY)\" fill-rule=\"evenodd\" d=\"M17.5 14a.5.5 0 0 1 .5.5V17h2a.5.5 0 0 1 0 1h-2.5a.5.5 0 0 1-.5-.5v-3a.5.5 0 0 1 .5-.5\" clip-rule=\"evenodd\"/><defs><linearGradient id=\"SVGzLKzVbQj\" x1=\"2.246\" x2=\"18.952\" y1=\"-5.676\" y2=\"16.518\" gradientUnits=\"userSpaceOnUse\"><stop stop-color=\"#3bd5ff\"/><stop offset=\"1\" stop-color=\"#0094f0\"/></linearGradient><linearGradient id=\"SVGCxneLcXV\" x1=\"11.997\" x2=\"17.07\" y1=\"7.505\" y2=\"21.229\" gradientUnits=\"userSpaceOnUse\"><stop offset=\".125\" stop-color=\"#dcf8ff\" stop-opacity=\"0\"/><stop offset=\".769\" stop-color=\"#ff6ce8\" stop-opacity=\".7\"/></linearGradient><linearGradient id=\"SVG9jyEQita\" x1=\"13.833\" x2=\"19.333\" y1=\"11.389\" y2=\"23.611\" gradientUnits=\"userSpaceOnUse\"><stop stop-color=\"#43e5ca\"/><stop offset=\"1\" stop-color=\"#2764e7\"/></linearGradient><linearGradient id=\"SVGbzW9VbgY\" x1=\"17.306\" x2=\"16.398\" y1=\"14.612\" y2=\"17.88\" gradientUnits=\"userSpaceOnUse\"><stop stop-color=\"#fdfdfd\"/><stop offset=\"1\" stop-color=\"#d1d1ff\"/></linearGradient><radialGradient id=\"SVGRGnVmmWC\" cx=\"0\" cy=\"0\" r=\"1\" gradientTransform=\"matrix(8.00635 0 0 .89286 1.494 12)\" gradientUnits=\"userSpaceOnUse\"><stop stop-color=\"#0094f0\"/><stop offset=\"1\" stop-color=\"#2052cb\"/></radialGradient><radialGradient id=\"SVGFk5WPesk\" cx=\"0\" cy=\"0\" r=\"1\" gradientTransform=\"matrix(1 9.5 -7.46319 .7856 17.5 20.5)\" gradientUnits=\"userSpaceOnUse\"><stop offset=\".711\" stop-color=\"#1b44b1\"/><stop offset=\"1\" stop-color=\"#1b44b1\" stop-opacity=\"0\"/></radialGradient></defs></g>"