width: 28
height: 28
body: "<g fill=\"none\"><path fill=\"url(#SVGLjdnBbKb)\" d=\"M4.7 14.002L3.896 17l10.823-2.015c1.09-.203 1.09-1.763 0-1.966L3.897 11.004z\"/><path fill=\"url(#SVGIN8wHdnl)\" d=\"M3.79 2.625c-.963-.46-2.021.42-1.746 1.451L4.06 11.61a1 1 0 0 0 .824.732l9.884 1.412c.286.04.286.454 0 .495L4.885 15.66a1 1 0 0 0-.824.732l-2.017 7.537c-.275 1.03.783 1.91 1.746 1.451l21.498-10.25c.949-.452.949-1.804 0-2.256z\"/><path fill=\"url(#SVGqEgYabls)\" d=\"M3.79 2.625c-.963-.46-2.021.42-1.746 1.451L4.06 11.61a1 1 0 0 0 .824.732l9.884 1.412c.286.04.286.454 0 .495L4.885 15.66a1 1 0 0 0-.824.732l-2.017 7.537c-.275 1.03.783 1.91 1.746 1.451l21.498-10.25c.949-.452.949-1.804 0-2.256z\"/><defs><linearGradient id=\"SVGIN8wHdnl\" x1=\"2\" x2=\"21.456\" y1=\"-6.845\" y2=\"20.125\" gradientUnits=\"userSpaceOnUse\"><stop stop-color=\"#3bd5ff\"/><stop offset=\"1\" stop-color=\"#0094f0\"/></linearGradient><linearGradient id=\"SVGqEgYabls\" x1=\"14\" x2=\"19.791\" y1=\"8.7\" y2=\"25.047\" gradientUnits=\"userSpaceOnUse\"><stop offset=\".125\" stop-color=\"#dcf8ff\" stop-opacity=\"0\"/><stop offset=\".769\" stop-color=\"#ff6ce8\" stop-opacity=\".7\"/></linearGradient><radialGradient id=\"SVGLjdnBbKb\" cx=\"0\" cy=\"0\" r=\"1\" gradientTransform=\"matrix(9.61002 0 0 1.43557 .39 14.002)\" gradientUnits=\"userSpaceOnUse\"><stop stop-color=\"#0094f0\"/><stop offset=\"1\" stop-color=\"#2052cb\"/></radialGradient></defs></g>"