width: 16
height: 16
body: "<g fill=\"none\"><path fill=\"url(#SVG60VX7duz)\" d=\"M8.805 8.958L1.994 11l.896-3l-.896-3l6.811 2.042c.95.285.95 1.63 0 1.916\"/><path fill=\"url(#SVGTsfYqe5X)\" d=\"M1.724 1.053a.5.5 0 0 0-.714.545l1.403 4.85a.5.5 0 0 0 .397.354l5.69.953c.268.053.268.437 0 .49l-5.69.953a.5.5 0 0 0-.397.354l-1.403 4.85a.5.5 0 0 0 .714.545l13-6.5a.5.5 0 0 0 0-.894z\"/><path fill=\"url(#SVGR0lgWcwP)\" d=\"M1.724 1.053a.5.5 0 0 0-.714.545l1.403 4.85a.5.5 0 0 0 .397.354l5.69.953c.268.053.268.437 0 .49l-5.69.953a.5.5 0 0 0-.397.354l-1.403 4.85a.5.5 0 0 0 .714.545l13-6.5a.5.5 0 0 0 0-.894z\"/><defs><linearGradient id=\"SVGTsfYqe5X\" x1=\"1\" x2=\"12.99\" y1=\"-4.688\" y2=\"11.244\" gradientUnits=\"userSpaceOnUse\"><stop stop-color=\"#3bd5ff\"/><stop offset=\"1\" stop-color=\"#0094f0\"/></linearGradient><linearGradient id=\"SVGR0lgWcwP\" x1=\"8\" x2=\"11.641\" y1=\"4.773\" y2=\"14.624\" gradientUnits=\"userSpaceOnUse\"><stop offset=\".125\" stop-color=\"#dcf8ff\" stop-opacity=\"0\"/><stop offset=\".769\" stop-color=\"#ff6ce8\" stop-opacity=\".7\"/></linearGradient><radialGradient id=\"SVG60VX7duz\" cx=\"0\" cy=\"0\" r=\"1\" gradientTransform=\"matrix(7.43807 0 0 1.12359 .5 8)\" gradientUnits=\"userSpaceOnUse\"><stop stop-color=\"#0094f0\"/><stop offset=\"1\" stop-color=\"#2052cb\"/></radialGradient></defs></g>"