width: 20
height: 20
body: "<g fill=\"none\"><path fill=\"url(#SVGtolbUdhw)\" d=\"M9.723 2.084a.5.5 0 0 1 .554 0a15.05 15.05 0 0 0 6.294 2.421A.5.5 0 0 1 17 5v4.5c0 3.891-2.307 6.73-6.82 8.467a.5.5 0 0 1-.36 0C5.308 16.23 3 13.39 3 9.5V5a.5.5 0 0 1 .43-.495a15.05 15.05 0 0 0 6.293-2.421\"/><defs><radialGradient id=\"SVGtolbUdhw\" cx=\"0\" cy=\"0\" r=\"1\" gradientTransform=\"matrix(21.50002 31 -27.12496 18.81249 -2.5 -7)\" gradientUnits=\"userSpaceOnUse\"><stop offset=\".338\" stop-color=\"#0fafff\"/><stop offset=\".529\" stop-color=\"#367af2\"/><stop offset=\".682\" stop-color=\"#5750e2\"/><stop offset=\".861\" stop-color=\"#cc23d1\"/></radialGradient></defs></g>"