width: 16
height: 16
body: "<g fill=\"none\"><circle cx=\"9.5\" cy=\"6.5\" r=\"5.5\" fill=\"url(#SVG19cmvcDN)\"/><circle cx=\"9.5\" cy=\"6.5\" r=\"5.5\" fill=\"url(#SVGGAmDGd8V)\" fill-opacity=\".8\"/><path fill=\"url(#SVGKo6NMdAU)\" d=\"M6.239 2.07L9.73 5.563l.825-.824A3 3 0 0 1 10 3c0-.71.247-1.363.66-1.877a5.5 5.5 0 0 1 1.057.342a1.996 1.996 0 0 0-.44 2.551l1.743-1.743q.385.322.707.707l-1.743 1.743a1.996 1.996 0 0 0 2.55-.44q.224.505.344 1.057A3 3 0 0 1 13 6a3 3 0 0 1-1.738-.555l-.824.825l3.491 3.491q-.299.405-.665.75L9.73 6.976L6.854 9.854l-.708-.708L9.023 6.27L5.49 2.736a5.5 5.5 0 0 1 .749-.665\" opacity=\".6\"/><path fill=\"url(#SVGQqvvkdDX)\" d=\"M2.5 6A1.5 1.5 0 0 0 1 7.5v1A6.5 6.5 0 0 0 7.5 15h1a1.5 1.5 0 0 0 1.5-1.5v-1A6.5 6.5 0 0 0 3.5 6z\"/><path fill=\"url(#SVGhIR6ueCb)\" fill-opacity=\".9\" d=\"M2.5 6A1.5 1.5 0 0 0 1 7.5v1A6.5 6.5 0 0 0 7.5 15h1a1.5 1.5 0 0 0 1.5-1.5v-1A6.5 6.5 0 0 0 3.5 6z\"/><path fill=\"#ffc470\" d=\"M5.104 9.396a.5.5 0 1 0-.708.708l1.5 1.5a.5.5 0 0 0 .708-.708z\"/><defs><radialGradient id=\"SVG19cmvcDN\" cx=\"0\" cy=\"0\" r=\"1\" gradientTransform=\"rotate(-90 14.355 3.374)scale(19.2202)\" gradientUnits=\"userSpaceOnUse\"><stop stop-color=\"#eb4824\"/><stop offset=\".978\" stop-color=\"#ff921f\"/></radialGradient><radialGradient id=\"SVGGAmDGd8V\" cx=\"0\" cy=\"0\" r=\"1\" gradientTransform=\"rotate(-45 15.513 -1.176)scale(6.48181 8.86748)\" gradientUnits=\"userSpaceOnUse\"><stop offset=\".588\" stop-color=\"#aa1d2d\"/><stop offset=\".931\" stop-color=\"#eb4824\" stop-opacity=\".1\"/></radialGradient><radialGradient id=\"SVGQqvvkdDX\" cx=\"0\" cy=\"0\" r=\"1\" gradientTransform=\"rotate(53.53 -5.444 5.007)scale(11.7003 10.5803)\" gradientUnits=\"userSpaceOnUse\"><stop offset=\".24\" stop-color=\"#ae5606\"/><stop offset=\"1\" stop-color=\"#944600\"/></radialGradient><radialGradient id=\"SVGhIR6ueCb\" cx=\"0\" cy=\"0\" r=\"1\" gradientTransform=\"rotate(10.938 -88.628 31.08)scale(13.3182)\" gradientUnits=\"userSpaceOnUse\"><stop offset=\".626\" stop-color=\"#ffa43d\" stop-opacity=\"0\"/><stop offset=\".927\" stop-color=\"#ffa43d\"/></radialGradient><linearGradient id=\"SVGKo6NMdAU\" x1=\"13.66\" x2=\"7.761\" y1=\"2.51\" y2=\"8.408\" gradientUnits=\"userSpaceOnUse\"><stop offset=\".713\" stop-color=\"#8e250b\"/><stop offset=\".903\" stop-color=\"#8e250b\" stop-opacity=\"0\"/></linearGradient></defs></g>"