width: 24
height: 24
body: "<g fill=\"none\"><circle cx=\"14\" cy=\"10\" r=\"8\" fill=\"url(#SVGcDGzGeDO)\"/><circle cx=\"14\" cy=\"10\" r=\"8\" fill=\"url(#SVGWAaDQdfd)\" fill-opacity=\".8\"/><path fill=\"url(#SVGVpvP5caP)\" d=\"M9.468 3.407L14.5 8.439l.761-.761a4.23 4.23 0 0 1-.76-2.428c0-1.196.493-2.277 1.289-3.05c.596.137 1.168.34 1.706.602a2.75 2.75 0 0 0-1.147 3.789l2.753-2.754q.58.481 1.06 1.061L17.41 7.651a2.75 2.75 0 0 0 3.789-1.147A8 8 0 0 1 21.8 8.21a4.24 4.24 0 0 1-3.05 1.29a4.23 4.23 0 0 1-2.428-.762l-.761.762l5.032 5.032q-.43.624-.966 1.155L14.5 10.56l-3.97 3.97l-1.06-1.062l3.97-3.97l-5.127-5.126a8 8 0 0 1 1.155-.966\" opacity=\".6\"/><path fill=\"url(#SVGMcP5HdlR)\" d=\"M4.25 9A2.25 2.25 0 0 0 2 11.25v2A8.75 8.75 0 0 0 10.75 22h2A2.25 2.25 0 0 0 15 19.75v-2A8.75 8.75 0 0 0 6.25 9z\"/><path fill=\"url(#SVGbsBlde7l)\" fill-opacity=\".9\" d=\"M4.25 9A2.25 2.25 0 0 0 2 11.25v2A8.75 8.75 0 0 0 10.75 22h2A2.25 2.25 0 0 0 15 19.75v-2A8.75 8.75 0 0 0 6.25 9z\"/><path fill=\"#ffc470\" d=\"M7.78 13.72a.75.75 0 0 0-1.06 1.06l2.5 2.5a.75.75 0 1 0 1.06-1.06z\"/><defs><radialGradient id=\"SVGcDGzGeDO\" cx=\"0\" cy=\"0\" r=\"1\" gradientTransform=\"rotate(-90 21.244 5.09)scale(27.9566)\" gradientUnits=\"userSpaceOnUse\"><stop stop-color=\"#eb4824\"/><stop offset=\".978\" stop-color=\"#ff921f\"/></radialGradient><radialGradient id=\"SVGWAaDQdfd\" cx=\"0\" cy=\"0\" r=\"1\" gradientTransform=\"matrix(6.66667 -6.66667 9.1204 9.1204 8 16)\" gradientUnits=\"userSpaceOnUse\"><stop offset=\".588\" stop-color=\"#aa1d2d\"/><stop offset=\".931\" stop-color=\"#eb4824\" stop-opacity=\".1\"/></radialGradient><radialGradient id=\"SVGMcP5HdlR\" cx=\"0\" cy=\"0\" r=\"1\" gradientTransform=\"rotate(53.53 -7.917 7.95)scale(16.9004 15.2827)\" gradientUnits=\"userSpaceOnUse\"><stop offset=\".24\" stop-color=\"#ae5606\"/><stop offset=\"1\" stop-color=\"#944600\"/></radialGradient><radialGradient id=\"SVGbsBlde7l\" cx=\"0\" cy=\"0\" r=\"1\" gradientTransform=\"rotate(10.938 -129.48 47.962)scale(19.2374)\" gradientUnits=\"userSpaceOnUse\"><stop offset=\".626\" stop-color=\"#ffa43d\" stop-opacity=\"0\"/><stop offset=\".927\" stop-color=\"#ffa43d\"/></radialGradient><linearGradient id=\"SVGVpvP5caP\" x1=\"20.05\" x2=\"11.576\" y1=\"4.194\" y2=\"12.667\" gradientUnits=\"userSpaceOnUse\"><stop offset=\".713\" stop-color=\"#8e250b\"/><stop offset=\".903\" stop-color=\"#8e250b\" stop-opacity=\"0\"/></linearGradient></defs></g>"