width: 32
height: 32
body: "<g fill=\"none\"><path fill=\"url(#SVGklx3zJXo)\" d=\"M7.5 3A4.5 4.5 0 0 0 3 7.5v17A4.5 4.5 0 0 0 7.5 29h17a4.5 4.5 0 0 0 4.5-4.5v-17A4.5 4.5 0 0 0 24.5 3z\"/><path fill=\"url(#SVGxO13MgXq)\" d=\"M7.5 3A4.5 4.5 0 0 0 3 7.5v17A4.5 4.5 0 0 0 7.5 29h17a4.5 4.5 0 0 0 4.5-4.5v-17A4.5 4.5 0 0 0 24.5 3z\"/><path fill=\"url(#SVGxluVFb5q)\" d=\"M7.5 3A4.5 4.5 0 0 0 3 7.5v17A4.5 4.5 0 0 0 7.5 29h17a4.5 4.5 0 0 0 4.5-4.5v-17A4.5 4.5 0 0 0 24.5 3z\"/><path fill=\"url(#SVGPD31pBoO)\" d=\"M7.5 3A4.5 4.5 0 0 0 3 7.5v17A4.5 4.5 0 0 0 7.5 29h17a4.5 4.5 0 0 0 4.5-4.5v-17A4.5 4.5 0 0 0 24.5 3z\"/><path fill=\"url(#SVGOvZEKcyA)\" d=\"M7.5 3A4.5 4.5 0 0 0 3 7.5v17A4.5 4.5 0 0 0 7.5 29h17a4.5 4.5 0 0 0 4.5-4.5v-17A4.5 4.5 0 0 0 24.5 3z\"/><path fill=\"url(#SVGdi1M5dPd)\" d=\"M12 10.5a1.5 1.5 0 1 0-3 0a1.5 1.5 0 0 0 3 0m0 5.5a1.5 1.5 0 1 0-3 0a1.5 1.5 0 0 0 3 0m-1.5 7a1.5 1.5 0 1 0 0-3a1.5 1.5 0 0 0 0 3M14 10.5a1 1 0 0 0 1 1h7a1 1 0 1 0 0-2h-7a1 1 0 0 0-1 1m1 4.5a1 1 0 1 0 0 2h7a1 1 0 1 0 0-2zm-1 6.5a1 1 0 0 0 1 1h7a1 1 0 1 0 0-2h-7a1 1 0 0 0-1 1\"/><path fill=\"url(#SVG2J5EFbQO)\" d=\"m31.74 13.656l-.919-.299a1.9 1.9 0 0 1-1.199-1.197l-.298-.918a.363.363 0 0 0-.684 0l-.299.918a1.89 1.89 0 0 1-1.18 1.197l-.919.299a.363.363 0 0 0 0 .684l.919.298a1.9 1.9 0 0 1 1.198 1.202l.299.918a.363.363 0 0 0 .684 0l.299-.918a1.89 1.89 0 0 1 1.198-1.197l.919-.299a.363.363 0 0 0 0-.684z\"/><path fill=\"url(#SVGNaWMwbPh)\" d=\"M21.775 8.837a3.5 3.5 0 0 0-1.647-1.168l-1.684-.546a.665.665 0 0 1 0-1.254l1.684-.547a3.47 3.47 0 0 0 2.15-2.154l.014-.042l.547-1.682a.665.665 0 0 1 1.255 0l.547 1.682a3.47 3.47 0 0 0 2.198 2.196l1.683.547l.034.008a.665.665 0 0 1 0 1.254l-1.684.547a3.47 3.47 0 0 0-2.197 2.196l-.548 1.682l-.016.042a.664.664 0 0 1-1.238-.042l-.548-1.682a3.5 3.5 0 0 0-.55-1.037\"/><defs><radialGradient id=\"SVGxO13MgXq\" cx=\"0\" cy=\"0\" r=\"1\" gradientTransform=\"matrix(-3.5 0 0 -1.74793 29 14.5)\" gradientUnits=\"userSpaceOnUse\"><stop stop-color=\"#4a43cb\"/><stop offset=\"1\" stop-color=\"#4a43cb\" stop-opacity=\"0\"/></radialGradient><radialGradient id=\"SVGxluVFb5q\" cx=\"0\" cy=\"0\" r=\"1\" gradientTransform=\"matrix(-7 0 0 -3.49587 23.5 7.5)\" gradientUnits=\"userSpaceOnUse\"><stop stop-color=\"#4a43cb\"/><stop offset=\"1\" stop-color=\"#4a43cb\" stop-opacity=\"0\"/></radialGradient><radialGradient id=\"SVGPD31pBoO\" cx=\"0\" cy=\"0\" r=\"1\" gradientTransform=\"matrix(0 6 -2.99646 0 23.5 7.5)\" gradientUnits=\"userSpaceOnUse\"><stop stop-color=\"#4a43cb\"/><stop offset=\"1\" stop-color=\"#4a43cb\" stop-opacity=\"0\"/></radialGradient><radialGradient id=\"SVGOvZEKcyA\" cx=\"0\" cy=\"0\" r=\"1\" gradientTransform=\"matrix(0 4 -1.99764 0 29 14.5)\" gradientUnits=\"userSpaceOnUse\"><stop stop-color=\"#4a43cb\"/><stop offset=\"1\" stop-color=\"#4a43cb\" stop-opacity=\"0\"/></radialGradient><radialGradient id=\"SVG2J5EFbQO\" cx=\"0\" cy=\"0\" r=\"1\" gradientTransform=\"rotate(63.379 17.2 6.887)scale(34.3364 26.737)\" gradientUnits=\"userSpaceOnUse\"><stop offset=\".718\" stop-color=\"#ffcd0f\"/><stop offset=\".991\" stop-color=\"#e67505\"/></radialGradient><radialGradient id=\"SVGNaWMwbPh\" cx=\"0\" cy=\"0\" r=\"1\" gradientTransform=\"rotate(61.2 24.745 -9.672)scale(47.2968 36.829)\" gradientUnits=\"userSpaceOnUse\"><stop offset=\".698\" stop-color=\"#ffcd0f\"/><stop offset=\".991\" stop-color=\"#e67505\"/></radialGradient><linearGradient id=\"SVGklx3zJXo\" x1=\"3.929\" x2=\"21.872\" y1=\"7.875\" y2=\"26.517\" gradientUnits=\"userSpaceOnUse\"><stop stop-color=\"#0fafff\"/><stop offset=\"1\" stop-color=\"#2764e7\"/></linearGradient><linearGradient id=\"SVGdi1M5dPd\" x1=\"11.692\" x2=\"21.978\" y1=\"10.077\" y2=\"34.999\" gradientUnits=\"userSpaceOnUse\"><stop stop-color=\"#fff\"/><stop offset=\"1\" stop-color=\"#b3e0ff\"/></linearGradient></defs></g>"