width: 20
height: 20
body: "<g fill=\"none\"><path fill=\"url(#SVGjG2KwclK)\" d=\"M5.75 3h8.5A2.75 2.75 0 0 1 17 5.75v8.5A2.75 2.75 0 0 1 14.25 17h-8.5A2.75 2.75 0 0 1 3 14.25v-8.5A2.75 2.75 0 0 1 5.75 3\"/><path fill=\"url(#SVG5WY4wdCM)\" d=\"M6.75 8a.75.75 0 1 0 0-1.5a.75.75 0 0 0 0 1.5m.75 2.25a.75.75 0 1 1-1.5 0a.75.75 0 0 1 1.5 0M6.75 14a.75.75 0 1 0 0-1.5a.75.75 0 0 0 0 1.5M9 7.5a.5.5 0 0 1 .5-.5h4a.5.5 0 0 1 0 1h-4a.5.5 0 0 1-.5-.5m.5 2.5a.5.5 0 0 0 0 1h4a.5.5 0 0 0 0-1zM9 13.5a.5.5 0 0 1 .5-.5h4a.5.5 0 0 1 0 1h-4a.5.5 0 0 1-.5-.5\"/><path fill=\"url(#SVGadCFzepY)\" d=\"M5.75 3h8.5A2.75 2.75 0 0 1 17 5.75v8.5A2.75 2.75 0 0 1 14.25 17h-8.5A2.75 2.75 0 0 1 3 14.25v-8.5A2.75 2.75 0 0 1 5.75 3\"/><path fill=\"url(#SVGuzpnwc2o)\" d=\"M5.75 3h8.5A2.75 2.75 0 0 1 17 5.75v8.5A2.75 2.75 0 0 1 14.25 17h-8.5A2.75 2.75 0 0 1 3 14.25v-8.5A2.75 2.75 0 0 1 5.75 3\"/><path fill=\"url(#SVGYPVydcxG)\" d=\"M5.75 3h8.5A2.75 2.75 0 0 1 17 5.75v8.5A2.75 2.75 0 0 1 14.25 17h-8.5A2.75 2.75 0 0 1 3 14.25v-8.5A2.75 2.75 0 0 1 5.75 3\"/><path fill=\"url(#SVGEUMWOePB)\" d=\"M5.75 3h8.5A2.75 2.75 0 0 1 17 5.75v8.5A2.75 2.75 0 0 1 14.25 17h-8.5A2.75 2.75 0 0 1 3 14.25v-8.5A2.75 2.75 0 0 1 5.75 3\"/><path fill=\"url(#SVGWY8Rretq)\" d=\"m18.783 8.213l-.766-.248a1.58 1.58 0 0 1-.998-.999l-.25-.764a.302.302 0 0 0-.57 0l-.248.764a1.58 1.58 0 0 1-.984.999l-.765.248a.303.303 0 0 0 0 .57l.765.249a1.58 1.58 0 0 1 1 1.002l.248.764a.302.302 0 0 0 .57 0l.249-.764a1.58 1.58 0 0 1 .999-.999l.765-.248a.303.303 0 0 0 0-.57z\"/><path fill=\"url(#SVGMfyqV50x)\" d=\"m13.878.282l.348 1.071a2.2 2.2 0 0 0 1.398 1.397l1.072.348l.021.006a.423.423 0 0 1 0 .798l-1.071.348a2.2 2.2 0 0 0-1.399 1.397l-.348 1.07a.423.423 0 0 1-.798 0l-.349-1.07a2.2 2.2 0 0 0-.532-.867a2.2 2.2 0 0 0-.866-.536l-1.071-.348a.423.423 0 0 1 0-.798l1.071-.348a2.2 2.2 0 0 0 1.377-1.397l.348-1.07a.423.423 0 0 1 .799 0\"/><defs><radialGradient id=\"SVGadCFzepY\" cx=\"0\" cy=\"0\" r=\"1\" gradientTransform=\"matrix(.03125 3.75 -1.87278 .0156 16.469 9.438)\" gradientUnits=\"userSpaceOnUse\"><stop stop-color=\"#4a43cb\"/><stop offset=\"1\" stop-color=\"#4a43cb\" stop-opacity=\"0\"/></radialGradient><radialGradient id=\"SVGuzpnwc2o\" cx=\"0\" cy=\"0\" r=\"1\" gradientTransform=\"rotate(90.769 4.73 8.738)scale(4.65667 2.32559)\" gradientUnits=\"userSpaceOnUse\"><stop stop-color=\"#4a43cb\"/><stop offset=\"1\" stop-color=\"#4a43cb\" stop-opacity=\"0\"/></radialGradient><radialGradient id=\"SVGYPVydcxG\" cx=\"0\" cy=\"0\" r=\"1\" gradientTransform=\"matrix(-4.40625 0 0 -2.20052 13.531 4.125)\" gradientUnits=\"userSpaceOnUse\"><stop stop-color=\"#4a43cb\"/><stop offset=\"1\" stop-color=\"#4a43cb\" stop-opacity=\"0\"/></radialGradient><radialGradient id=\"SVGEUMWOePB\" cx=\"0\" cy=\"0\" r=\"1\" gradientTransform=\"matrix(-3.1875 0 0 -1.59187 16.563 9.125)\" gradientUnits=\"userSpaceOnUse\"><stop stop-color=\"#4a43cb\"/><stop offset=\"1\" stop-color=\"#4a43cb\" stop-opacity=\"0\"/></radialGradient><radialGradient id=\"SVGWY8Rretq\" cx=\"0\" cy=\"0\" r=\"1\" gradientTransform=\"rotate(63.379 13.064 -2.053)scale(28.6137 22.2808)\" gradientUnits=\"userSpaceOnUse\"><stop offset=\".718\" stop-color=\"#ffcd0f\"/><stop offset=\".991\" stop-color=\"#e67505\"/></radialGradient><radialGradient id=\"SVGMfyqV50x\" cx=\"0\" cy=\"0\" r=\"1\" gradientTransform=\"rotate(61.2 15.557 -7.703)scale(30.098 23.4366)\" gradientUnits=\"userSpaceOnUse\"><stop offset=\".698\" stop-color=\"#ffcd0f\"/><stop offset=\".991\" stop-color=\"#e67505\"/></radialGradient><linearGradient id=\"SVGjG2KwclK\" x1=\"3.5\" x2=\"13.162\" y1=\"5.625\" y2=\"15.663\" gradientUnits=\"userSpaceOnUse\"><stop stop-color=\"#0fafff\"/><stop offset=\"1\" stop-color=\"#2764e7\"/></linearGradient><linearGradient id=\"SVG5WY4wdCM\" x1=\"7.538\" x2=\"12.797\" y1=\"7.077\" y2=\"20.667\" gradientUnits=\"userSpaceOnUse\"><stop stop-color=\"#fff\"/><stop offset=\"1\" stop-color=\"#b3e0ff\"/></linearGradient></defs></g>"