width: 16
height: 16
body: "<g fill=\"none\"><path fill=\"url(#SVGpnJH6cpD)\" d=\"M4.5 2A2.5 2.5 0 0 0 2 4.5v7A2.5 2.5 0 0 0 4.5 14h7a2.5 2.5 0 0 0 2.5-2.5v-7A2.5 2.5 0 0 0 11.5 2z\"/><path fill=\"url(#SVGkZkuJczm)\" d=\"M5.5 5A.75.75 0 1 0 4 5a.75.75 0 0 0 1.5 0m0 3A.75.75 0 1 0 4 8a.75.75 0 0 0 1.5 0m-.75 3.75a.75.75 0 1 0 0-1.5a.75.75 0 0 0 0 1.5M6.5 5a.5.5 0 0 0 .5.5h4.5a.5.5 0 0 0 0-1H7a.5.5 0 0 0-.5.5M7 7.5a.5.5 0 0 0 0 1h4.5a.5.5 0 0 0 0-1zM6.5 11a.5.5 0 0 0 .5.5h4.5a.5.5 0 0 0 0-1H7a.5.5 0 0 0-.5.5\"/><path fill=\"url(#SVGIovBkiJE)\" d=\"M4.5 2A2.5 2.5 0 0 0 2 4.5v7A2.5 2.5 0 0 0 4.5 14h7a2.5 2.5 0 0 0 2.5-2.5v-7A2.5 2.5 0 0 0 11.5 2z\"/><path fill=\"url(#SVG4ol5beYt)\" d=\"M4.5 2A2.5 2.5 0 0 0 2 4.5v7A2.5 2.5 0 0 0 4.5 14h7a2.5 2.5 0 0 0 2.5-2.5v-7A2.5 2.5 0 0 0 11.5 2z\"/><path fill=\"url(#SVGxmPbQ6KV)\" d=\"M4.5 2A2.5 2.5 0 0 0 2 4.5v7A2.5 2.5 0 0 0 4.5 14h7a2.5 2.5 0 0 0 2.5-2.5v-7A2.5 2.5 0 0 0 11.5 2z\"/><path fill=\"url(#SVGXwg4Meol)\" d=\"M4.5 2A2.5 2.5 0 0 0 2 4.5v7A2.5 2.5 0 0 0 4.5 14h7a2.5 2.5 0 0 0 2.5-2.5v-7A2.5 2.5 0 0 0 11.5 2z\"/><path fill=\"url(#SVGDJ9rhenh)\" d=\"m15.783 8.213l-.765-.248a1.58 1.58 0 0 1-1-.999l-.248-.764a.302.302 0 0 0-.57 0l-.25.764a1.58 1.58 0 0 1-.983.999l-.765.248a.303.303 0 0 0 0 .57l.765.249a1.58 1.58 0 0 1 1 1.002l.248.764a.302.302 0 0 0 .57 0l.249-.764a1.58 1.58 0 0 1 .999-.999l.765-.248a.303.303 0 0 0 0-.57z\"/><path fill=\"url(#SVGELANHeLC)\" d=\"m10.878.282l.348 1.071a2.2 2.2 0 0 0 1.398 1.397l1.072.348l.021.006a.423.423 0 0 1 0 .798l-1.071.348a2.2 2.2 0 0 0-1.399 1.397l-.348 1.07a.423.423 0 0 1-.798 0l-.348-1.07a2.2 2.2 0 0 0-1.399-1.403l-1.072-.348a.423.423 0 0 1 0-.798l1.072-.348a2.2 2.2 0 0 0 1.377-1.397l.348-1.07a.423.423 0 0 1 .799 0\"/><defs><radialGradient id=\"SVGIovBkiJE\" cx=\"0\" cy=\"0\" r=\"1\" gradientTransform=\"matrix(0 3 -1.53125 0 13.5 9)\" gradientUnits=\"userSpaceOnUse\"><stop stop-color=\"#4a43cb\"/><stop offset=\"1\" stop-color=\"#4a43cb\" stop-opacity=\"0\"/></radialGradient><radialGradient id=\"SVG4ol5beYt\" cx=\"0\" cy=\"0\" r=\"1\" gradientTransform=\"matrix(0 3.5 -1.74793 0 10.5 4.5)\" gradientUnits=\"userSpaceOnUse\"><stop stop-color=\"#4a43cb\"/><stop offset=\"1\" stop-color=\"#4a43cb\" stop-opacity=\"0\"/></radialGradient><radialGradient id=\"SVGxmPbQ6KV\" cx=\"0\" cy=\"0\" r=\"1\" gradientTransform=\"matrix(-3.5 0 0 -1.74793 10.5 4.5)\" gradientUnits=\"userSpaceOnUse\"><stop stop-color=\"#4a43cb\"/><stop offset=\"1\" stop-color=\"#4a43cb\" stop-opacity=\"0\"/></radialGradient><radialGradient id=\"SVGXwg4Meol\" cx=\"0\" cy=\"0\" r=\"1\" gradientTransform=\"matrix(-2.5 0 0 -1.24852 13.5 9)\" gradientUnits=\"userSpaceOnUse\"><stop stop-color=\"#4a43cb\"/><stop offset=\"1\" stop-color=\"#4a43cb\" stop-opacity=\"0\"/></radialGradient><radialGradient id=\"SVGDJ9rhenh\" cx=\"0\" cy=\"0\" r=\"1\" gradientTransform=\"rotate(63.379 11.564 -4.483)scale(28.6137 22.2808)\" gradientUnits=\"userSpaceOnUse\"><stop offset=\".718\" stop-color=\"#ffcd0f\"/><stop offset=\".991\" stop-color=\"#e67505\"/></radialGradient><radialGradient id=\"SVGELANHeLC\" cx=\"0\" cy=\"0\" r=\"1\" gradientTransform=\"rotate(61.2 14.057 -10.24)scale(30.098 23.4366)\" gradientUnits=\"userSpaceOnUse\"><stop offset=\".698\" stop-color=\"#ffcd0f\"/><stop offset=\".991\" stop-color=\"#e67505\"/></radialGradient><linearGradient id=\"SVGpnJH6cpD\" x1=\"2.429\" x2=\"10.71\" y1=\"4.25\" y2=\"12.854\" gradientUnits=\"userSpaceOnUse\"><stop stop-color=\"#0fafff\"/><stop offset=\"1\" stop-color=\"#2764e7\"/></linearGradient><linearGradient id=\"SVGkZkuJczm\" x1=\"5.538\" x2=\"10.797\" y1=\"4.827\" y2=\"18.417\" gradientUnits=\"userSpaceOnUse\"><stop stop-color=\"#fff\"/><stop offset=\"1\" stop-color=\"#b3e0ff\"/></linearGradient></defs></g>"