width: 24
height: 24
body: "<g fill=\"none\"><path fill=\"url(#SVGO7VfKbnT)\" d=\"M6.25 3A3.25 3.25 0 0 0 3 6.25v11.5A3.25 3.25 0 0 0 6.25 21h11.5A3.25 3.25 0 0 0 21 17.75V6.25A3.25 3.25 0 0 0 17.75 3z\"/><path fill=\"url(#SVGlWMWFclc)\" d=\"M7.75 9.25a1 1 0 1 0 0-2a1 1 0 0 0 0 2m3.5-1.75a.75.75 0 0 0 0 1.5h5.5a.75.75 0 0 0 0-1.5zm0 3.75a.75.75 0 1 0 0 1.5h5.5a.75.75 0 1 0 0-1.5zm-.75 4.5c0 .414.336.75.75.75h5.5a.75.75 0 1 0 0-1.5h-5.5a.75.75 0 0 0-.75.75M8.75 12a1 1 0 1 0-2 0a1 1 0 0 0 2 0m-1 4.75a1 1 0 1 0 0-2a1 1 0 0 0 0 2\"/><path fill=\"url(#SVGKwU87c0A)\" d=\"M6.25 3A3.25 3.25 0 0 0 3 6.25v11.5A3.25 3.25 0 0 0 6.25 21h11.5A3.25 3.25 0 0 0 21 17.75V6.25A3.25 3.25 0 0 0 17.75 3z\"/><path fill=\"url(#SVGNsi3EbLd)\" d=\"M6.25 3A3.25 3.25 0 0 0 3 6.25v11.5A3.25 3.25 0 0 0 6.25 21h11.5A3.25 3.25 0 0 0 21 17.75V6.25A3.25 3.25 0 0 0 17.75 3z\"/><path fill=\"url(#SVGI73QudJg)\" d=\"M6.25 3A3.25 3.25 0 0 0 3 6.25v11.5A3.25 3.25 0 0 0 6.25 21h11.5A3.25 3.25 0 0 0 21 17.75V6.25A3.25 3.25 0 0 0 17.75 3z\"/><path fill=\"url(#SVGd7uy2h4m)\" d=\"M6.25 3A3.25 3.25 0 0 0 3 6.25v11.5A3.25 3.25 0 0 0 6.25 21h11.5A3.25 3.25 0 0 0 21 17.75V6.25A3.25 3.25 0 0 0 17.75 3z\"/><path fill=\"url(#SVGNLFOccbq)\" d=\"m22.783 10.213l-.766-.248a1.58 1.58 0 0 1-.998-.999l-.25-.764a.302.302 0 0 0-.57 0l-.248.764a1.58 1.58 0 0 1-.984.999l-.765.248a.302.302 0 0 0 0 .57l.765.249a1.58 1.58 0 0 1 1 1.002l.248.764a.302.302 0 0 0 .57 0l.249-.764a1.58 1.58 0 0 1 .999-.999l.765-.248a.302.302 0 0 0 0-.57z\"/><path fill=\"url(#SVG2T7OobER)\" d=\"M15.088 6.412a2.84 2.84 0 0 0-1.347-.955l-1.378-.448a.544.544 0 0 1 0-1.025l1.378-.448A2.84 2.84 0 0 0 15.5 1.774l.011-.034l.448-1.377a.544.544 0 0 1 1.027 0l.447 1.377a2.84 2.84 0 0 0 1.799 1.796l1.377.448l.028.007a.544.544 0 0 1 0 1.025l-1.378.448a2.84 2.84 0 0 0-1.798 1.796l-.448 1.377l-.013.034a.544.544 0 0 1-1.013-.034l-.448-1.377a2.8 2.8 0 0 0-.45-.848\"/><defs><radialGradient id=\"SVGKwU87c0A\" cx=\"0\" cy=\"0\" r=\"1\" gradientTransform=\"matrix(-4.09821 0 0 -2.04669 20.438 10.875)\" gradientUnits=\"userSpaceOnUse\"><stop stop-color=\"#4a43cb\"/><stop offset=\"1\" stop-color=\"#4a43cb\" stop-opacity=\"0\"/></radialGradient><radialGradient id=\"SVGNsi3EbLd\" cx=\"0\" cy=\"0\" r=\"1\" gradientTransform=\"matrix(-5.66518 0 0 -2.82925 16.54 4.446)\" gradientUnits=\"userSpaceOnUse\"><stop stop-color=\"#4a43cb\"/><stop offset=\"1\" stop-color=\"#4a43cb\" stop-opacity=\"0\"/></radialGradient><radialGradient id=\"SVGI73QudJg\" cx=\"0\" cy=\"0\" r=\"1\" gradientTransform=\"rotate(90.769 6.077 10.383)scale(5.98715 2.99004)\" gradientUnits=\"userSpaceOnUse\"><stop stop-color=\"#4a43cb\"/><stop offset=\"1\" stop-color=\"#4a43cb\" stop-opacity=\"0\"/></radialGradient><radialGradient id=\"SVGd7uy2h4m\" cx=\"0\" cy=\"0\" r=\"1\" gradientTransform=\"matrix(.18303 2.72322 -1.36 .0914 20.317 11.277)\" gradientUnits=\"userSpaceOnUse\"><stop stop-color=\"#4a43cb\"/><stop offset=\"1\" stop-color=\"#4a43cb\" stop-opacity=\"0\"/></radialGradient><radialGradient id=\"SVGNLFOccbq\" cx=\"0\" cy=\"0\" r=\"1\" gradientTransform=\"rotate(63.379 13.445 2.187)scale(28.6137 22.2808)\" gradientUnits=\"userSpaceOnUse\"><stop offset=\".718\" stop-color=\"#ffcd0f\"/><stop offset=\".991\" stop-color=\"#e67505\"/></radialGradient><radialGradient id=\"SVG2T7OobER\" cx=\"0\" cy=\"0\" r=\"1\" gradientTransform=\"rotate(61.2 19.574 -10.628)scale(38.6974 30.1328)\" gradientUnits=\"userSpaceOnUse\"><stop offset=\".698\" stop-color=\"#ffcd0f\"/><stop offset=\".991\" stop-color=\"#e67505\"/></radialGradient><linearGradient id=\"SVGO7VfKbnT\" x1=\"3.643\" x2=\"16.065\" y1=\"6.375\" y2=\"19.281\" gradientUnits=\"userSpaceOnUse\"><stop stop-color=\"#0fafff\"/><stop offset=\"1\" stop-color=\"#2764e7\"/></linearGradient><linearGradient id=\"SVGlWMWFclc\" x1=\"8.817\" x2=\"15.189\" y1=\"7.981\" y2=\"25.449\" gradientUnits=\"userSpaceOnUse\"><stop stop-color=\"#fff\"/><stop offset=\"1\" stop-color=\"#b3e0ff\"/></linearGradient></defs></g>"