width: 24
height: 24
body: "<g fill=\"none\"><path fill=\"url(#SVGDpAlky1G)\" d=\"M2 7.75A3.75 3.75 0 0 1 5.75 4h12.5A3.75 3.75 0 0 1 22 7.75v8.5A3.75 3.75 0 0 1 18.25 20H5.75A3.75 3.75 0 0 1 2 16.25z\"/><path fill=\"url(#SVGYULX2Qnn)\" fill-opacity=\".5\" d=\"M2 7.75A3.75 3.75 0 0 1 5.75 4h12.5A3.75 3.75 0 0 1 22 7.75v8.5A3.75 3.75 0 0 1 18.25 20H5.75A3.75 3.75 0 0 1 2 16.25z\"/><path fill=\"url(#SVGKxYnfbHP)\" fill-opacity=\".5\" d=\"M2 7.75A3.75 3.75 0 0 1 5.75 4h12.5A3.75 3.75 0 0 1 22 7.75v8.5A3.75 3.75 0 0 1 18.25 20H5.75A3.75 3.75 0 0 1 2 16.25z\"/><path fill=\"url(#SVG9XEXZcYA)\" fill-rule=\"evenodd\" d=\"M11.28 8.22a.75.75 0 1 0-1.06 1.06l1.195 1.196A3 3 0 0 0 11 12c0 .556.151 1.077.415 1.524L10.22 14.72a.75.75 0 1 0 1.06 1.06l1.196-1.195c.447.264.968.415 1.524.415s1.077-.151 1.524-.415l1.196 1.195a.75.75 0 1 0 1.06-1.06l-1.195-1.196c.264-.447.415-.968.415-1.524s-.151-1.077-.415-1.524L17.78 9.28a.75.75 0 0 0-1.06-1.06l-1.196 1.195A3 3 0 0 0 14 9c-.556 0-1.077.151-1.524.415zM14 13.5a1.5 1.5 0 1 0 0-3a1.5 1.5 0 0 0 0 3\" clip-rule=\"evenodd\"/><path fill=\"url(#SVGPmi20bsJ)\" fill-rule=\"evenodd\" d=\"M5.75 7a.75.75 0 0 1 .75.75v8.5a.75.75 0 0 1-1.5 0v-8.5A.75.75 0 0 1 5.75 7\" clip-rule=\"evenodd\"/><defs><linearGradient id=\"SVGDpAlky1G\" x1=\"1.375\" x2=\"11.126\" y1=\"2.667\" y2=\"25.677\" gradientUnits=\"userSpaceOnUse\"><stop offset=\".005\" stop-color=\"#88e06c\"/><stop offset=\"1\" stop-color=\"#0078d4\"/></linearGradient><linearGradient id=\"SVG9XEXZcYA\" x1=\"10.7\" x2=\"12.03\" y1=\"8.14\" y2=\"16.715\" gradientUnits=\"userSpaceOnUse\"><stop stop-color=\"#fdfdfd\"/><stop offset=\"1\" stop-color=\"#cceaff\"/></linearGradient><linearGradient id=\"SVGPmi20bsJ\" x1=\"5.131\" x2=\"10.616\" y1=\"7.176\" y2=\"12.479\" gradientUnits=\"userSpaceOnUse\"><stop stop-color=\"#fdfdfd\"/><stop offset=\"1\" stop-color=\"#cceaff\"/></linearGradient><radialGradient id=\"SVGYULX2Qnn\" cx=\"0\" cy=\"0\" r=\"1\" gradientTransform=\"matrix(4.42857 4.2 -3.17403 3.34676 15.571 12.8)\" gradientUnits=\"userSpaceOnUse\"><stop stop-color=\"#4a43cb\"/><stop offset=\"1\" stop-color=\"#4a43cb\" stop-opacity=\"0\"/></radialGradient><radialGradient id=\"SVGKxYnfbHP\" cx=\"0\" cy=\"0\" r=\"1\" gradientTransform=\"matrix(0 6 -2.17665 0 7 11.5)\" gradientUnits=\"userSpaceOnUse\"><stop stop-color=\"#4a43cb\" stop-opacity=\".7\"/><stop offset=\"1\" stop-color=\"#4a43cb\" stop-opacity=\"0\"/></radialGradient></defs></g>"