width: 72
height: 72
body: "<path fill=\"#fcea2b\" d=\"M11.988 12H59.99v47.832H11.988z\"/><g fill=\"none\" stroke=\"#000\" stroke-linecap=\"round\" stroke-linejoin=\"round\"><path stroke-miterlimit=\"1.5\" stroke-width=\"8.741\" d=\"M157.8 514.5v25.33c0 1.842-1.563 3.338-3.489 3.338h-50.62c-1.925 0-3.488-1.496-3.488-3.338V514.5c0-1.842 1.563-3.337 3.488-3.337h50.62c1.926 0 3.489 1.495 3.489 3.337\" clip-rule=\"evenodd\" transform=\"translate(-3.13 -3.172)scale(1.087) matrix(.2573 0 0 .2691 -2.556 -94.16)\"/><path stroke-miterlimit=\"1.5\" stroke-width=\"2.4990129999999997\" d=\"m52.88 19.152l.153 32.914a1.217 1.217 0 0 1-1.21 1.223l-5.648.037m-.452-30.156l-.016 20.81m-26.773-4.544H41.04m-11.064-21.24v4.135\" clip-rule=\"evenodd\"/><path stroke-miterlimit=\"1.5\" stroke-width=\"9.254\" d=\"M126.2 417.8v50.6\" clip-rule=\"evenodd\" transform=\"translate(-3.13 -3.172)scale(1.087) matrix(.2515 0 0 .2455 -1.283 -76.11)\"/><path stroke-miterlimit=\"1.5\" stroke-width=\"2.4990129999999997\" d=\"M21.942 33.963H37.76m-15.818-5.196H37.76m-18.752-1.905V23.55a1.217 1.217 0 0 1 1.216-1.218l19.218-.007a1.217 1.217 0 0 1 1.218 1.22l-.011 3.404\" clip-rule=\"evenodd\"/><path stroke-width=\"2.00008\" d=\"M12 12h48.002v48.002H12z\"/></g>"