width: 256
height: 256
body: "<g fill=\"none\" stroke=\"currentColor\" stroke-linecap=\"round\" stroke-linejoin=\"round\" stroke-width=\"16\"><path d=\"M 64,192 H 47.999992 m 0,0 c -17.728,0 -32,-14.272 -32,-32 V 47.999993 c 0,-17.728 14.272,-32 32,-32 H 208.00001 c 17.728,0 32,14.272 32,32 V 160 c 0,17.728 -14.272,32 -32,32\"/><path d=\"m 64,240 64,-80 64,80 z\"/><path d=\"M 208,192 H 192\"/></g>"