width: 256
height: 256
body: "<g fill=\"none\" stroke=\"currentColor\" stroke-linecap=\"round\" stroke-linejoin=\"round\" stroke-width=\"16\"><path d=\"M 47.999992,48 H 160 c 17.728,0 32,14.272 32,32 v 96 c 0,17.728 -14.272,32 -32,32 H 47.999992 c -17.728,0 -32,-14.272 -32,-32 V 80 c 0,-17.728 14.272,-32 32,-32 z\"/><path d=\"m 192,160 48,32 V 64 l -48,32\"/></g>"