width: 48
height: 48
body: "<g fill=\"none\" stroke=\"#000\" stroke-linecap=\"round\" stroke-linejoin=\"round\" stroke-width=\"4\"><path d=\"M38 22V40H8V10H26\"/><path fill=\"#2F88FF\" d=\"M38 14C40.2091 14 42 12.2091 42 10C42 7.79086 40.2091 6 38 6C35.7909 6 34 7.79086 34 10C34 12.2091 35.7909 14 38 14Z\"/></g>"