width: 48
height: 48
body: "<g fill=\"none\" stroke=\"#000\" stroke-linecap=\"round\" stroke-linejoin=\"round\" stroke-width=\"4\"><path d=\"M40 23V14L31 4H10C8.89543 4 8 4.89543 8 6V42C8 43.1046 8.89543 44 10 44H22\"/><path d=\"M37 31L42 36L37 41\"/><path d=\"M31 31L26 36L31 41\"/><path d=\"M30 4V14H40\"/></g>"