width: 48
height: 48
body: "<g fill=\"none\" stroke=\"#000\" stroke-linecap=\"round\" stroke-linejoin=\"round\" stroke-width=\"4\"><path d=\"M7.94971 11.9497H39.9497\"/><path d=\"M7.94971 23.9497H39.9497\"/><path d=\"M7.94971 35.9497H39.9497\"/></g>"