width: 48
height: 48
body: "<g fill=\"none\" stroke=\"#000\" stroke-linecap=\"round\" stroke-linejoin=\"round\" stroke-width=\"4\"><path d=\"M30 6H42V18\"/><path d=\"M31 29L19 29L19 17\"/><path d=\"M42 6L19 29\"/><path d=\"M22 6H8C6.89543 6 6 6.89543 6 8V40C6 41.1046 6.89543 42 8 42H40C41.1046 42 42 41.1046 42 40V26\"/></g>"