width: 48
height: 48
body: "<g fill=\"none\" stroke=\"#000\" stroke-linecap=\"round\" stroke-linejoin=\"round\" stroke-width=\"4\"><path d=\"M19 10V7C19 5.89543 19.8954 5 21 5H41C42.1046 5 43 5.89543 43 7V29C43 30.1046 42.1046 31 41 31H37\"/><rect width=\"24\" height=\"24\" x=\"5\" y=\"18\" fill=\"#2F88FF\" rx=\"2\"/></g>"