width: 48
height: 48
body: "<path fill=\"#2F88FF\" stroke=\"#000\" stroke-width=\"4\" d=\"M39 6H9C7.34315 6 6 7.34315 6 9V39C6 40.6569 7.34315 42 9 42H39C40.6569 42 42 40.6569 42 39V9C42 7.34315 40.6569 6 39 6Z\"/>"