width: 128
height: 128
body: "<defs><linearGradient id=\"SVGEXCpHdJs\" x1=\"75.543\" x2=\"81.2\" y1=\"145.986\" y2=\"143.227\" gradientTransform=\"translate(-55.303 -201.26)scale(1.89346)\" gradientUnits=\"userSpaceOnUse\"><stop offset=\"0\" stop-color=\"#fff\" stop-opacity=\".365\"/><stop offset=\"1\" stop-color=\"#fff\" stop-opacity=\"0\"/></linearGradient><linearGradient id=\"SVGOVj6MdqH\" x1=\"105.834\" x2=\"80.209\" y1=\"15.354\" y2=\"30.531\" gradientTransform=\"translate(-130.684 30.666)scale(1.89346)\" gradientUnits=\"userSpaceOnUse\"><stop offset=\"0\" stop-opacity=\".102\"/><stop offset=\"1\" stop-opacity=\".306\"/></linearGradient><linearGradient id=\"SVGGTSE4dhX\" x1=\"70.725\" x2=\"87.092\" y1=\"12.292\" y2=\"26.895\" gradientTransform=\"translate(-73.913 3.73)scale(1.89346)\" gradientUnits=\"userSpaceOnUse\"><stop offset=\"0\" stop-opacity=\".102\"/><stop offset=\"1\" stop-opacity=\".306\"/></linearGradient><linearGradient id=\"SVGrBkfkd1Q\" x1=\"70.725\" x2=\"81.158\" y1=\"12.292\" y2=\"19.324\" gradientTransform=\"translate(-46.181 51.885)scale(1.89346)\" gradientUnits=\"userSpaceOnUse\"><stop offset=\"0\" stop-opacity=\".102\"/><stop offset=\"1\" stop-opacity=\".306\"/></linearGradient><linearGradient id=\"SVG6rGCV1qD\" x1=\"70.513\" x2=\"55.281\" y1=\"62.847\" y2=\"56.394\" gradientTransform=\"translate(-63.804 -59.26)scale(1.89346)\" gradientUnits=\"userSpaceOnUse\"><stop offset=\"0\" stop-color=\"#fff\" stop-opacity=\".365\"/><stop offset=\"1\" stop-color=\"#fff\" stop-opacity=\"0\"/></linearGradient><linearGradient id=\"SVGZ8qIzB2y\" x1=\"70.513\" x2=\"63.044\" y1=\"62.847\" y2=\"59.204\" gradientTransform=\"matrix(-1.89346 0 0 1.89346 193.514 -91.995)\" gradientUnits=\"userSpaceOnUse\"><stop offset=\"0\" stop-color=\"#fff\" stop-opacity=\".365\"/><stop offset=\"1\" stop-color=\"#fff\" stop-opacity=\"0\"/></linearGradient></defs><path fill=\"#10a0cc\" d=\"M83.289 96.024c-.881 0-1.593.274-2.145.826q-.824.822-.826 2.144c0 .882.278 1.593.826 2.145c.552.553 1.264.826 2.145.826c.88 0 1.6-.273 2.149-.825q.825-.827.825-2.145q0-1.323-.825-2.145c-.548-.552-1.269-.826-2.15-.826zm-21.393 1.761v21.737c0 2.866.621 4.917 1.87 6.165q1.925 1.872 6.274 1.871h2.97v-3.523h-2.97q-2.257.001-3.249-1.045c-.62-.696-1.037-1.854-.934-3.467v-9.91h7.154v-3.519h-7.154v-8.309zm-45.449 7.867v3.467h9.832q2.365-.002 3.797 1.488c.95.952 1.433 2.2 1.433 3.741v.333q-1.38-.939-3.304-1.483q-1.927-.551-3.742-.551h-3.521q-4.075 0-6.549 2.09c-1.651 1.392-2.477 3.243-2.477 5.577c0 2.329.79 4.2 2.368 5.596q2.419 2.09 6.434 2.09h3.304q2.201 0 4.238-1.158a9.15 9.15 0 0 0 3.355-3.135v3.851h3.745v-13.21q-.002-3.908-2.532-6.273q-2.478-2.424-6.548-2.423zm26.979.442v21.464h3.965v-9.796q.001-3.688 2.144-5.892q2.2-2.257 5.723-2.257v-3.519q-2.418 0-4.677 1.21c-1.464.806-2.568 1.851-3.3 3.139v-4.349zm37.883 0v21.464h3.965v-21.464zm10.445 0l9.515 10.732l-9.515 10.732h5.293l6.868-7.745l6.873 7.745h5.296l-9.519-10.73l9.519-10.734h-5.297l-6.872 7.745l-6.868-7.745zm-70.813 10.02h3.522c1.354 0 2.677.22 3.96.657q1.983.607 3.085 1.652v.274c-.477 1.761-1.397 3.178-2.752 4.238a7.3 7.3 0 0 1-4.622 1.597h-3.417q-2.196.001-3.518-1.154c-.881-.772-1.323-1.8-1.323-3.064c0-1.268.46-2.274 1.378-3.046q1.433-1.154 3.687-1.154M64.337 0L49.125 31.194l41.87 23.46ZM44.528 40.62l-23.34 47.853l69.26-28.613ZM95.57 64.034l-21.843 12.54l33.76 11.899zm0 0\"/><path fill=\"url(#SVGEXCpHdJs)\" d=\"m87.735 75.159l7.836-11.123l11.917 24.438Zm0 0\"/><path fill=\"url(#SVGOVj6MdqH)\" d=\"m21.187 88.475l48.52-28.736l20.74.12zm0 0\"/><path fill=\"url(#SVGGTSE4dhX)\" d=\"m90.996 54.654l-41.872-23.46L60 27.006Zm0 0\"/><path fill=\"url(#SVGrBkfkd1Q)\" d=\"m107.489 88.475l-33.762-11.9l14.007-1.417Zm0 0\"/><path fill=\"url(#SVG6rGCV1qD)\" d=\"m21.187 88.475l48.52-28.736l-25.177-19.12Zm0 0\"/><path fill=\"url(#SVGZ8qIzB2y)\" d=\"M90.996 54.654L60 27.007L64.338 0Zm0 0\"/>"