width: 128
height: 128
body: "<defs><linearGradient id=\"SVGlpsAudzB\" x1=\"3.981\" x2=\"62.687\" y1=\"4.224\" y2=\"62.929\" gradientTransform=\"translate(0 41.819)scale(.56678)\" gradientUnits=\"userSpaceOnUse\"><stop offset=\".29\" stop-color=\"#009ae5\"/><stop offset=\".7\" stop-color=\"#00d980\"/></linearGradient><linearGradient id=\"SVG0Oa7odkw\" x1=\"56.379\" x2=\"2.753\" y1=\"-.717\" y2=\"24.145\" gradientTransform=\"translate(0 41.819)scale(.56678)\" gradientUnits=\"userSpaceOnUse\"><stop offset=\".3\" stop-color=\"#ff318c\"/><stop offset=\".54\" stop-color=\"#009ae5\"/></linearGradient></defs><path fill=\"url(#SVGlpsAudzB)\" d=\"M36.275 75.786V56.533c0-.923-.55-1.758-1.4-2.121l-21.248-9.108a2.3 2.3 0 0 0-.91-.186H2.31a2.31 2.31 0 0 0-2.308 2.308V57.61c0 .456.135.902.388 1.281l12.13 18.175a2.31 2.31 0 0 0 1.92 1.027l19.526.001a2.31 2.31 0 0 0 2.309-2.308\" transform=\"translate(0 -147.562)scale(3.52858)\"/><path fill=\"url(#SVG0Oa7odkw)\" d=\"M32.977 50.048v-5.92a2.31 2.31 0 0 0-2.308-2.309h-7.42q-.166 0-.327.023l-20.94 2.991a2.31 2.31 0 0 0-1.981 2.285v8.883A2.31 2.31 0 0 0 2.31 58.31l10.507-.003q.374 0 .73-.118l17.852-5.951a2.31 2.31 0 0 0 1.578-2.19\" transform=\"translate(0 -147.562)scale(3.52858)\"/><path fill=\"#ff318c\" d=\"m116.361 31.894l-.003-23.75A8.145 8.145 0 0 0 108.212 0H85.2a8.15 8.15 0 0 0-6.184 2.844l-65.417 76.32a8.15 8.15 0 0 0-1.96 5.302v23.75a8.145 8.145 0 0 0 8.145 8.145h23.015a8.15 8.15 0 0 0 6.185-2.844l65.416-76.32a8.14 8.14 0 0 0 1.961-5.303\"/><path d=\"M103.999 24H24v79.997h80Z\"/><path fill=\"#fff\" d=\"M40.095 62.32q3.478 2.005 7.765 2.006v-.003q3.627 0 6.656-1.344q3.03-1.343 5.034-3.754a12.8 12.8 0 0 0 2.71-5.568h-6.102a8.1 8.1 0 0 1-1.791 2.859a8 8 0 0 1-2.838 1.877q-1.664.661-3.626.662q-2.646 0-4.779-1.322t-3.349-3.626q-1.195-2.325-1.194-5.227q0-2.901 1.194-5.205q1.217-2.325 3.35-3.648t4.778-1.322q1.96.001 3.626.662a7.85 7.85 0 0 1 2.838 1.898a7.9 7.9 0 0 1 1.791 2.837h6.102a12.7 12.7 0 0 0-2.71-5.546q-2.006-2.432-5.034-3.776q-3.03-1.344-6.656-1.344q-4.288 0-7.765 2.027q-3.479 2.005-5.462 5.546q-1.983 3.52-1.984 7.871q0 4.354 1.984 7.894a14.63 14.63 0 0 0 5.462 5.546m32.155-3.755V33.947h-5.803v29.866h19.967v-5.248zm-38.26 29.43h31.998v6H33.99Z\"/>"