width: 128
height: 128
body: "<defs><linearGradient id=\"SVGTcZhpbZt\" x1=\"7.621\" x2=\"61.248\" y1=\"64.719\" y2=\"39.856\" gradientTransform=\"translate(.002)scale(1.99992)\" gradientUnits=\"userSpaceOnUse\"><stop offset=\".1\" stop-color=\"#00d886\"/><stop offset=\".59\" stop-color=\"#f0eb18\"/></linearGradient><linearGradient id=\"SVG6ByHre2g\" x1=\"60.019\" x2=\"1.313\" y1=\"59.778\" y2=\"1.072\" gradientTransform=\"translate(.002)scale(1.99992)\" gradientUnits=\"userSpaceOnUse\"><stop offset=\".3\" stop-color=\"#f0eb18\"/><stop offset=\".7\" stop-color=\"#00c4f4\"/></linearGradient></defs><path fill=\"#00d886\" d=\"m11.64 96.106l.004 23.75A8.144 8.144 0 0 0 19.79 128h23.013a8.15 8.15 0 0 0 6.184-2.844l65.416-76.32a8.15 8.15 0 0 0 1.96-5.3v-23.75a8.145 8.145 0 0 0-8.145-8.146H85.202a8.15 8.15 0 0 0-6.185 2.844l-65.416 76.32a8.15 8.15 0 0 0-1.96 5.302z\"/><path fill=\"url(#SVGTcZhpbZt)\" d=\"M11.639 98.96v20.893a8.145 8.145 0 0 0 8.145 8.145h26.184q.578 0 1.152-.081l73.884-10.554a8.145 8.145 0 0 0 6.993-8.064V77.955c0-4.5-3.647-8.147-8.147-8.145l-37.075.009c-.875 0-1.745.14-2.574.418L17.208 91.235a8.15 8.15 0 0 0-5.57 7.727z\"/><path fill=\"url(#SVG6ByHre2g)\" d=\"M.002 8.145V76.08a8.15 8.15 0 0 0 4.936 7.486L79.917 115.7a8.2 8.2 0 0 0 3.209.659h36.726a8.145 8.145 0 0 0 8.145-8.145v-35.93a8.15 8.15 0 0 0-1.37-4.522L83.822 3.627A8.14 8.14 0 0 0 77.048.003L8.148 0A8.145 8.145 0 0 0 .002 8.145\"/><path d=\"M103.998 23.999H24.001v79.997h79.997z\"/><path fill=\"#fff\" d=\"M74.565 33.42q-4.311 0-7.805 2.036q-3.493 2.016-5.484 5.574q-1.995 3.537-1.996 7.91q.001 4.372 1.996 7.927c1.33 2.358 3.154 4.215 5.484 5.574c2.33 1.342 4.933 2.02 7.805 2.02c2.428 0 4.664-.455 6.693-1.355s3.71-2.157 5.055-3.773a12.9 12.9 0 0 0 2.726-5.59h-6.134q-.6 1.629-1.801 2.872q-1.179 1.22-2.848 1.883c-1.114.442-2.336.665-3.65.665c-1.773 0-3.367-.444-4.795-1.33q-2.145-1.33-3.367-3.644q-1.2-2.334-1.201-5.249q0-2.916 1.2-5.233q1.224-2.336 3.368-3.667c1.428-.886 3.022-1.322 4.794-1.322c1.314 0 2.536.223 3.651.665a7.9 7.9 0 0 1 2.848 1.907q1.2 1.221 1.801 2.847h6.134a12.76 12.76 0 0 0-2.726-5.573c-1.344-1.63-3.026-2.889-5.055-3.79c-2.029-.9-4.265-1.354-6.693-1.354m-40.371.511v30.01h5.85V52.607h6.855q3.215-.001 5.639-1.16c1.63-.785 2.885-1.887 3.756-3.302c.885-1.415 1.33-3.09 1.33-4.933s-.442-3.458-1.314-4.86q-1.284-2.102-3.683-3.26c-1.601-.773-3.457-1.16-5.558-1.16Zm5.85 4.868h6.644q1.48.001 2.572.56a3.9 3.9 0 0 1 1.712 1.541c.4.656.6 1.46.6 2.361q0 1.35-.6 2.377q-.599 1.009-1.712 1.566q-1.093.536-2.572.536h-6.644zM33.99 87.997V94h32v-6.003z\"/>"