width: 128
height: 128
body: "<defs><linearGradient id=\"SVGL2vits5p\" x1=\"64.712\" x2=\"39.849\" y1=\"56.378\" y2=\"2.753\" gradientTransform=\"translate(.012)scale(1.99999)\" gradientUnits=\"userSpaceOnUse\"><stop offset=\".21\" stop-color=\"#007dfe\"/><stop offset=\".55\" stop-color=\"#ffb700\"/></linearGradient><linearGradient id=\"SVGuHQIkKok\" x1=\"59.772\" x2=\"1.067\" y1=\"3.981\" y2=\"62.687\" gradientTransform=\"translate(.012)scale(1.99999)\" gradientUnits=\"userSpaceOnUse\"><stop offset=\".23\" stop-color=\"#ffb700\"/><stop offset=\".73\" stop-color=\"#ff0a67\"/></linearGradient></defs><path fill=\"#007dfe\" d=\"m96.104 116.367l23.75-.003A8.144 8.144 0 0 0 128 108.22V85.206a8.15 8.15 0 0 0-2.844-6.185L48.832 13.6a8.15 8.15 0 0 0-5.301-1.96H19.78a8.145 8.145 0 0 0-8.146 8.145v23.017a8.15 8.15 0 0 0 2.844 6.185l76.32 65.418a8.15 8.15 0 0 0 5.303 1.96z\"/><path fill=\"url(#SVGL2vits5p)\" d=\"M98.962 116.363h20.893a8.145 8.145 0 0 0 8.145-8.145V82.033q0-.578-.081-1.152L117.363 6.994A8.145 8.145 0 0 0 109.3 0H77.954a8.145 8.145 0 0 0-8.146 8.148l.01 37.077c0 .875.14 1.744.417 2.574l21 62.995a8.15 8.15 0 0 0 7.727 5.57z\"/><path fill=\"url(#SVGuHQIkKok)\" d=\"M8.145 128h67.937a8.15 8.15 0 0 0 7.486-4.937l32.136-74.98a8.2 8.2 0 0 0 .659-3.21V8.147A8.146 8.146 0 0 0 108.217 0H72.286a8.15 8.15 0 0 0-4.522 1.371L3.627 44.176a8.15 8.15 0 0 0-3.624 6.775L0 119.854A8.145 8.145 0 0 0 8.145 128\"/><path d=\"M104 24H24v80h80z\"/><path fill=\"#fff\" d=\"M34.187 34v30h5.852V52.672h5.05L51.548 64h6.706L51.11 51.984q.22-.069.445-.132c.337-.097.673-.192.977-.332c1.629-.804 2.878-1.902 3.75-3.32c.885-1.42 1.328-3.055 1.328-4.93c0-1.876-.434-3.455-1.305-4.848c-.857-1.392-2.087-2.493-3.687-3.27c-1.6-.776-3.451-1.152-5.55-1.152zm28.367 0v30h11.422q4.264 0 7.629-1.93a13.7 13.7 0 0 0 5.293-5.328c1.27-2.304 1.906-4.877 1.906-7.742s-.635-5.438-1.906-7.715c-1.272-2.276-3.036-4.07-5.293-5.355Q78.24 34 73.976 34ZM40.04 38.875h6.644c.986 0 1.842.188 2.57.535c.743.376 1.316.885 1.715 1.555c.4.67.598 1.449.598 2.36s-.197 1.685-.598 2.382c-.4.67-.972 1.18-1.714 1.555c-.73.374-1.585.535-2.57.535H40.04Zm28.367.188h5.504q2.679 0 4.695 1.203c1.343.777 2.376 1.93 3.105 3.43q1.094 2.25 1.094 5.304t-1.094 5.305c-.729 1.5-1.762 2.648-3.105 3.426q-2.016 1.206-4.695 1.207h-5.504ZM33.988 88v6h32v-6z\"/>"