width: 128
height: 128
body: "<defs><linearGradient id=\"SVGjyY5CcSK\" x1=\"4.217\" x2=\"62.921\" y1=\"60.019\" y2=\"1.313\" gradientTransform=\"translate(.006)scale(1.99993)\" gradientUnits=\"userSpaceOnUse\"><stop offset=\".29\" stop-color=\"#ff2358\"/><stop offset=\".75\" stop-color=\"#7256ff\"/></linearGradient><linearGradient id=\"SVGrS384cAv\" x1=\"-.723\" x2=\"24.14\" y1=\"7.624\" y2=\"61.249\" gradientTransform=\"translate(.006)scale(1.99993)\" gradientUnits=\"userSpaceOnUse\"><stop offset=\".29\" stop-color=\"#ff8100\"/><stop offset=\".56\" stop-color=\"#ff2358\"/></linearGradient></defs><path fill=\"url(#SVGjyY5CcSK)\" d=\"M119.845 0H51.911a8.15 8.15 0 0 0-7.487 4.936L12.29 79.915a8.2 8.2 0 0 0-.659 3.209v36.727a8.145 8.145 0 0 0 8.146 8.145h35.93c1.61 0 3.183-.477 4.522-1.371l64.135-42.805a8.14 8.14 0 0 0 3.624-6.775l.003-68.9A8.145 8.145 0 0 0 119.845 0\"/><path fill=\"url(#SVGrS384cAv)\" d=\"M29.032 11.64H8.139a8.145 8.145 0 0 0-8.145 8.145V45.97q0 .578.082 1.152l10.553 73.885A8.145 8.145 0 0 0 18.693 128h31.345c4.5 0 8.147-3.648 8.145-8.148l-.009-37.075c0-.875-.14-1.744-.418-2.574L36.76 17.209a8.15 8.15 0 0 0-7.727-5.569Z\"/><path fill=\"#ff8100\" d=\"m31.888 11.64l-23.75.004a8.146 8.146 0 0 0-8.144 8.145V42.8a8.15 8.15 0 0 0 2.844 6.185l76.32 65.417a8.15 8.15 0 0 0 5.3 1.961h23.75a8.145 8.145 0 0 0 8.146-8.145V85.203a8.15 8.15 0 0 0-2.844-6.185L37.19 13.602a8.14 8.14 0 0 0-5.302-1.96z\"/><path d=\"M103.99 24H23.994v79.997h79.998z\"/><path fill=\"#fff\" fill-rule=\"evenodd\" d=\"M83.782 33.999L77.826 53.69l-.45 2.571l-.515-2.571l-6.17-19.692h-8.143v29.999h5.764V42.592l-.086-1.414l6.9 22.82h4.242l6.985-22.97l-.085 1.564v21.406h5.786v-30ZM52.525 51.506q2.443-1.178 3.75-3.3q1.328-2.143 1.328-4.93c0-1.857-.436-3.463-1.307-4.863q-1.286-2.1-3.686-3.257t-5.55-1.157H34.182v29.998h5.85V52.66h5.04l6.467 11.336h6.707l-7.15-12.019q.216-.067.434-.128c.343-.099.686-.197.995-.344zM40.034 38.863h6.642q1.479 0 2.572.557a3.9 3.9 0 0 1 1.713 1.542q.6.985.6 2.357c0 .914-.199 1.693-.6 2.378c-.399.673-.97 1.192-1.713 1.565q-1.094.535-2.572.536h-6.642zM33.98 87.997h32v6h-32Z\" clip-rule=\"evenodd\"/>"