width: 32
height: 32
body: "<defs><filter id=\"SVGhQBVIeTv\" color-interpolation-filters=\"auto\"><feColorMatrix in=\"SourceGraphic\" values=\"0 0 0 0 1.000000 0 0 0 0 1.000000 0 0 0 0 1.000000 0 0 0 1.000000 0\"/></filter></defs><g fill=\"none\" fill-rule=\"evenodd\"><circle cx=\"16\" cy=\"16\" r=\"16\" fill=\"#5942CC\" fill-rule=\"nonzero\"/><g filter=\"url(#SVGhQBVIeTv)\"><path fill=\"#000\" fill-rule=\"nonzero\" d=\"M20.707 19.543a1 1 0 0 1 0 1.414l-4 4a1 1 0 1 1-1.414-1.414l4-4a1 1 0 0 1 1.414 0M15 7.25a6 6 0 1 1 0 12a6 6 0 0 1 0-12m0 2a4 4 0 1 0 0 8a4 4 0 0 0 0-8m7-2a1 1 0 1 1 0 2a1 1 0 0 1 0-2\"/></g></g>"