width: 32
height: 32
body: "<g fill=\"none\"><path fill=\"url(#iq7GfNd)\" d=\"M2.73 29.743a.1.1 0 0 0 .096.126h26.348a.1.1 0 0 0 .096-.126c-1.619-5.776-7.27-9.999-13.356-9.999s-11.568 4.223-13.184 10\"/><path fill=\"url(#iywtYJe)\" d=\"M2.73 29.743a.1.1 0 0 0 .096.126h26.348a.1.1 0 0 0 .096-.126c-1.619-5.776-7.27-9.999-13.356-9.999s-11.568 4.223-13.184 10\"/><circle cx=\"9.898\" cy=\"11.838\" r=\"2.188\" fill=\"url(#iZHxoMd)\"/><circle cx=\"22.102\" cy=\"11.838\" r=\"2.188\" fill=\"url(#iFeJFyY)\"/><g filter=\"url(#i6copHR)\"><circle cx=\"22.102\" cy=\"11.838\" r=\"1.563\" fill=\"url(#ilMuxYc)\"/></g><g filter=\"url(#i6Ka5qe)\"><circle cx=\"10.078\" cy=\"11.838\" r=\"1.563\" fill=\"#140F1A\"/></g><path fill=\"url(#iMOuaBe)\" d=\"M9.617 15.475L9.249 7.46C9.062 4.577 11 2.01 14.827 2.135h2.422c4.063 0 5.68 2.56 5.5 5.438l-.363 7.89c-.165 2.635-2.418 4.61-5.168 4.688H14.89c-2.828 0-5.102-2.046-5.273-4.676\"/><path fill=\"url(#iDHIivb)\" d=\"M9.617 15.475L9.249 7.46C9.062 4.577 11 2.01 14.827 2.135h2.422c4.063 0 5.68 2.56 5.5 5.438l-.363 7.89c-.165 2.635-2.418 4.61-5.168 4.688H14.89c-2.828 0-5.102-2.046-5.273-4.676\"/><defs><radialGradient id=\"iq7GfNd\" cx=\"0\" cy=\"0\" r=\"1\" gradientTransform=\"matrix(0 -11.0312 20.5533 0 25.21 29.87)\" gradientUnits=\"userSpaceOnUse\"><stop stop-color=\"#403B43\"/><stop offset=\".51\" stop-color=\"#100517\"/></radialGradient><radialGradient id=\"iZHxoMd\" cx=\"0\" cy=\"0\" r=\"1\" gradientTransform=\"rotate(90 -.97 10.868)scale(2.1875)\" gradientUnits=\"userSpaceOnUse\"><stop offset=\".521\" stop-color=\"#1A1420\"/><stop offset=\"1\" stop-color=\"#120E17\"/></radialGradient><radialGradient id=\"iFeJFyY\" cx=\"0\" cy=\"0\" r=\"1\" gradientTransform=\"rotate(111.508 8.258 13.187)scale(3.96349)\" gradientUnits=\"userSpaceOnUse\"><stop offset=\".262\" stop-color=\"#413949\"/><stop offset=\"1\" stop-color=\"#190E22\"/></radialGradient><radialGradient id=\"ilMuxYc\" cx=\"0\" cy=\"0\" r=\"1\" gradientTransform=\"rotate(90 5.132 16.97)scale(1.5625)\" gradientUnits=\"userSpaceOnUse\"><stop stop-color=\"#332C3A\"/><stop offset=\"1\" stop-color=\"#150921\"/></radialGradient><radialGradient id=\"iMOuaBe\" cx=\"0\" cy=\"0\" r=\"1\" gradientTransform=\"rotate(108.829 9.107 9.418)scale(17.2348 13.7044)\" gradientUnits=\"userSpaceOnUse\"><stop offset=\".097\" stop-color=\"#3C2B4F\"/><stop offset=\"1\" stop-color=\"#0B0410\"/></radialGradient><radialGradient id=\"iDHIivb\" cx=\"0\" cy=\"0\" r=\"1\" gradientTransform=\"matrix(0 1.59375 -3.70934 0 19.304 5.338)\" gradientUnits=\"userSpaceOnUse\"><stop stop-color=\"#493E56\"/><stop offset=\"1\" stop-color=\"#493E56\" stop-opacity=\"0\"/></radialGradient><filter id=\"i6copHR\" width=\"3.625\" height=\"3.625\" x=\"20.289\" y=\"10.026\" color-interpolation-filters=\"sRGB\" filterUnits=\"userSpaceOnUse\"><feFlood flood-opacity=\"0\" result=\"BackgroundImageFix\"/><feBlend in=\"SourceGraphic\" in2=\"BackgroundImageFix\" result=\"shape\"/><feGaussianBlur result=\"effect1_foregroundBlur_5559_20858\" stdDeviation=\".125\"/></filter><filter id=\"i6Ka5qe\" width=\"3.625\" height=\"3.625\" x=\"8.266\" y=\"10.026\" color-interpolation-filters=\"sRGB\" filterUnits=\"userSpaceOnUse\"><feFlood flood-opacity=\"0\" result=\"BackgroundImageFix\"/><feBlend in=\"SourceGraphic\" in2=\"BackgroundImageFix\" result=\"shape\"/><feGaussianBlur result=\"effect1_foregroundBlur_5559_20858\" stdDeviation=\".125\"/></filter><linearGradient id=\"iywtYJe\" x1=\"19.336\" x2=\"19.336\" y1=\"29.869\" y2=\"29.448\" gradientUnits=\"userSpaceOnUse\"><stop offset=\".16\" stop-color=\"#150E1B\"/><stop offset=\"1\" stop-color=\"#150E1B\" stop-opacity=\"0\"/></linearGradient></defs></g>"