width: 32
height: 32
body: "<g fill=\"none\"><path fill=\"url(#iYEgnyc)\" d=\"M2 10c0-1.657 1.332-3 2.954-3h22.092C28.677 7 30 8.353 30 10c0 1.657-1.332 3-2.954 3H4.954C3.332 13 2 11.647 2 10\"/><path fill=\"url(#ib3Mgob)\" d=\"M2 10c0-1.657 1.332-3 2.954-3h22.092C28.677 7 30 8.353 30 10c0 1.657-1.332 3-2.954 3H4.954C3.332 13 2 11.647 2 10\"/><path fill=\"url(#iT2UrVY)\" d=\"M2 10c0-1.657 1.332-3 2.954-3h22.092C28.677 7 30 8.353 30 10c0 1.657-1.332 3-2.954 3H4.954C3.332 13 2 11.647 2 10\"/><path fill=\"url(#iQen0ed)\" d=\"M2 22c0-1.657 1.332-3 2.954-3h22.092C28.677 19 30 20.353 30 22c0 1.657-1.332 3-2.954 3H4.954C3.332 25 2 23.647 2 22\"/><path fill=\"url(#ijIX8Ac)\" d=\"M2 22c0-1.657 1.332-3 2.954-3h22.092C28.677 19 30 20.353 30 22c0 1.657-1.332 3-2.954 3H4.954C3.332 25 2 23.647 2 22\"/><path fill=\"url(#iAN6ixc)\" d=\"M2 22c0-1.657 1.332-3 2.954-3h22.092C28.677 19 30 20.353 30 22c0 1.657-1.332 3-2.954 3H4.954C3.332 25 2 23.647 2 22\"/><defs><radialGradient id=\"ib3Mgob\" cx=\"0\" cy=\"0\" r=\"1\" gradientTransform=\"matrix(-.70665 13.46617 -20.99361 -1.10166 16.707 10)\" gradientUnits=\"userSpaceOnUse\"><stop offset=\".609\" stop-color=\"#423473\" stop-opacity=\"0\"/><stop offset=\".704\" stop-color=\"#41366A\"/></radialGradient><radialGradient id=\"iT2UrVY\" cx=\"0\" cy=\"0\" r=\"1\" gradientTransform=\"rotate(130.948 11.948 10.757)scale(1.61127 1.61636)\" gradientUnits=\"userSpaceOnUse\"><stop stop-color=\"#9C92D2\"/><stop offset=\"1\" stop-color=\"#9D93D3\" stop-opacity=\"0\"/></radialGradient><radialGradient id=\"ijIX8Ac\" cx=\"0\" cy=\"0\" r=\"1\" gradientTransform=\"matrix(-.70665 13.46617 -20.99361 -1.10166 16.707 22)\" gradientUnits=\"userSpaceOnUse\"><stop offset=\".609\" stop-color=\"#423473\" stop-opacity=\"0\"/><stop offset=\".704\" stop-color=\"#41366A\"/></radialGradient><radialGradient id=\"iAN6ixc\" cx=\"0\" cy=\"0\" r=\"1\" gradientTransform=\"rotate(130.948 9.21 16.757)scale(1.61127 1.61636)\" gradientUnits=\"userSpaceOnUse\"><stop stop-color=\"#9C92D2\"/><stop offset=\"1\" stop-color=\"#9D93D3\" stop-opacity=\"0\"/></radialGradient><linearGradient id=\"iYEgnyc\" x1=\"16\" x2=\"16\" y1=\"7\" y2=\"13\" gradientUnits=\"userSpaceOnUse\"><stop stop-color=\"#655898\"/><stop offset=\".214\" stop-color=\"#8276BD\"/><stop offset=\".335\" stop-color=\"#897EC1\"/><stop offset=\".523\" stop-color=\"#7966C1\"/><stop offset=\".863\" stop-color=\"#8842EC\"/><stop offset=\"1\" stop-color=\"#6035BE\"/></linearGradient><linearGradient id=\"iQen0ed\" x1=\"16\" x2=\"16\" y1=\"19\" y2=\"25\" gradientUnits=\"userSpaceOnUse\"><stop stop-color=\"#655898\"/><stop offset=\".214\" stop-color=\"#8276BD\"/><stop offset=\".335\" stop-color=\"#897EC1\"/><stop offset=\".523\" stop-color=\"#7966C1\"/><stop offset=\".863\" stop-color=\"#8842EC\"/><stop offset=\"1\" stop-color=\"#6035BE\"/></linearGradient></defs></g>"