width: 32
height: 32
body: "<g fill=\"none\"><path fill=\"url(#iSPh4Ob)\" d=\"M16 30c7.732 0 14-6.268 14-14S23.732 2 16 2S2 8.268 2 16s6.268 14 14 14\"/><path fill=\"url(#iiEHn8J)\" d=\"M16 30c7.732 0 14-6.268 14-14S23.732 2 16 2S2 8.268 2 16s6.268 14 14 14\"/><path fill=\"url(#i35xCjo)\" d=\"M16 30c7.732 0 14-6.268 14-14S23.732 2 16 2S2 8.268 2 16s6.268 14 14 14\"/><path fill=\"url(#i0AXOqc)\" d=\"M16 30c7.732 0 14-6.268 14-14S23.732 2 16 2S2 8.268 2 16s6.268 14 14 14\"/><path fill=\"#E1D3F1\" d=\"M16.2 23.8a7.68 7.68 0 1 0 0-15.36a7.68 7.68 0 0 0 0 15.36\"/><path fill=\"url(#iWqH5md)\" d=\"M16.2 23.8a7.68 7.68 0 1 0 0-15.36a7.68 7.68 0 0 0 0 15.36\"/><path fill=\"url(#iSaU84d)\" d=\"M16.2 23.8a7.68 7.68 0 1 0 0-15.36a7.68 7.68 0 0 0 0 15.36\"/><path fill=\"url(#iyF1Rte)\" d=\"M16.2 23.8a7.68 7.68 0 1 0 0-15.36a7.68 7.68 0 0 0 0 15.36\"/><path fill=\"url(#iwN7bCd)\" d=\"M16.2 21.24a5.12 5.12 0 1 0 0-10.24a5.12 5.12 0 0 0 0 10.24\"/><path fill=\"url(#iDGfTLe)\" d=\"M16.2 18.68a2.56 2.56 0 1 0 0-5.12a2.56 2.56 0 0 0 0 5.12\"/><path fill=\"url(#i4MXpjp)\" d=\"M16.2 18.68a2.56 2.56 0 1 0 0-5.12a2.56 2.56 0 0 0 0 5.12\"/><defs><radialGradient id=\"iSPh4Ob\" cx=\"0\" cy=\"0\" r=\"1\" gradientTransform=\"rotate(138.325 10.862 10.753)scale(21.3375 24.1355)\" gradientUnits=\"userSpaceOnUse\"><stop offset=\".019\" stop-color=\"#7CB1E6\"/><stop offset=\"1\" stop-color=\"#426BBE\"/></radialGradient><radialGradient id=\"iiEHn8J\" cx=\"0\" cy=\"0\" r=\"1\" gradientTransform=\"matrix(0 -14.875 32.5077 0 16.813 30.875)\" gradientUnits=\"userSpaceOnUse\"><stop stop-color=\"#5963EE\"/><stop offset=\"1\" stop-color=\"#5963EE\" stop-opacity=\"0\"/></radialGradient><radialGradient id=\"i35xCjo\" cx=\"0\" cy=\"0\" r=\"1\" gradientTransform=\"rotate(90 .969 15.031)scale(15.9375)\" gradientUnits=\"userSpaceOnUse\"><stop offset=\".925\" stop-color=\"#7160EE\" stop-opacity=\"0\"/><stop offset=\"1\" stop-color=\"#7160EE\"/></radialGradient><radialGradient id=\"i0AXOqc\" cx=\"0\" cy=\"0\" r=\"1\" gradientTransform=\"rotate(-135 13.17 5.455)scale(19.4012 19.3082)\" gradientUnits=\"userSpaceOnUse\"><stop offset=\".804\" stop-color=\"#516B97\" stop-opacity=\"0\"/><stop offset=\"1\" stop-color=\"#516B97\"/></radialGradient><radialGradient id=\"iWqH5md\" cx=\"0\" cy=\"0\" r=\"1\" gradientTransform=\"matrix(-3.62496 5.37503 -6.00718 -4.05129 15.563 17.125)\" gradientUnits=\"userSpaceOnUse\"><stop offset=\".494\" stop-color=\"#D5A8FE\"/><stop offset=\"1\" stop-color=\"#D5A8FE\" stop-opacity=\"0\"/></radialGradient><radialGradient id=\"iSaU84d\" cx=\"0\" cy=\"0\" r=\"1\" gradientTransform=\"matrix(-3.34376 -3.46874 3.72032 -3.58628 14.906 14.813)\" gradientUnits=\"userSpaceOnUse\"><stop offset=\".498\" stop-color=\"#BFB6C9\"/><stop offset=\"1\" stop-color=\"#BFB6C9\" stop-opacity=\"0\"/></radialGradient><radialGradient id=\"iyF1Rte\" cx=\"0\" cy=\"0\" r=\"1\" gradientTransform=\"matrix(4.125 -4.4375 4.50373 4.18656 16.625 15.25)\" gradientUnits=\"userSpaceOnUse\"><stop offset=\".554\" stop-color=\"#F9F2FF\"/><stop offset=\"1\" stop-color=\"#F9F2FF\" stop-opacity=\"0\"/></radialGradient><radialGradient id=\"iwN7bCd\" cx=\"0\" cy=\"0\" r=\"1\" gradientTransform=\"matrix(-4.31247 5.12503 -6.36639 -5.357 18.25 13.875)\" gradientUnits=\"userSpaceOnUse\"><stop stop-color=\"#5ED3FF\"/><stop offset=\"1\" stop-color=\"#53B6FF\"/></radialGradient><radialGradient id=\"iDGfTLe\" cx=\"0\" cy=\"0\" r=\"1\" gradientTransform=\"rotate(-39.103 31.73 -11.077)scale(4.80602 3.75468)\" gradientUnits=\"userSpaceOnUse\"><stop stop-color=\"#59545E\"/><stop offset=\".765\" stop-color=\"#312939\"/></radialGradient><radialGradient id=\"i4MXpjp\" cx=\"0\" cy=\"0\" r=\"1\" gradientTransform=\"matrix(0 3.875 -3.73123 0 16.2 13.219)\" gradientUnits=\"userSpaceOnUse\"><stop stop-color=\"#422559\"/><stop offset=\"1\" stop-color=\"#422559\" stop-opacity=\"0\"/></radialGradient></defs></g>"