width: 32
height: 32
body: "<g fill=\"none\"><path fill=\"#6FA352\" d=\"M25.267 6.724c5.8 5.8 6.35 14.64 1.23 19.76s-13.96 4.57-19.76-1.23s-6.35-14.64-1.23-19.75s13.96-4.57 19.76 1.22\"/><path fill=\"url(#i0h8BOb)\" d=\"M25.267 6.724c5.8 5.8 6.35 14.64 1.23 19.76s-13.96 4.57-19.76-1.23s-6.35-14.64-1.23-19.75s13.96-4.57 19.76 1.22\"/><path fill=\"url(#iZVkjLU)\" d=\"M25.267 6.724c5.8 5.8 6.35 14.64 1.23 19.76s-13.96 4.57-19.76-1.23s-6.35-14.64-1.23-19.75s13.96-4.57 19.76 1.22\"/><path fill=\"url(#if9NEJc)\" d=\"M15.787 10.066c-2.119-.885-3.439-2.83-2.927-4.356c.504-1.517 2.632-2.033 4.759-1.158c2.127.876 3.439 2.83 2.926 4.357s-2.63 2.042-4.758 1.157\"/><path fill=\"#DB2956\" d=\"M7.887 13.76c1.933 1.079 4.459.233 5.642-1.888s.576-4.715-1.357-5.793s-4.459-.233-5.642 1.888s-.576 4.715 1.357 5.793\"/><path fill=\"url(#ipuq9fl)\" d=\"M7.887 13.76c1.933 1.079 4.459.233 5.642-1.888s.576-4.715-1.357-5.793s-4.459-.233-5.642 1.888s-.576 4.715 1.357 5.793\"/><defs><radialGradient id=\"i0h8BOb\" cx=\"0\" cy=\"0\" r=\"1\" gradientTransform=\"rotate(109.654 6.684 13.877)scale(20.4408 24.43)\" gradientUnits=\"userSpaceOnUse\"><stop stop-color=\"#91D060\"/><stop offset=\".458\" stop-color=\"#6DAB32\"/><stop offset=\"1\" stop-color=\"#708D5D\"/></radialGradient><radialGradient id=\"iZVkjLU\" cx=\"0\" cy=\"0\" r=\"1\" gradientTransform=\"matrix(2.87498 42.75004 -108.3363 7.28571 14 4.5)\" gradientUnits=\"userSpaceOnUse\"><stop stop-color=\"#596570\" stop-opacity=\"0\"/><stop offset=\".311\" stop-color=\"#5C6775\" stop-opacity=\"0\"/><stop offset=\".698\" stop-color=\"#616A7D\"/></radialGradient><radialGradient id=\"if9NEJc\" cx=\"0\" cy=\"0\" r=\"1\" gradientTransform=\"rotate(-104.412 14.463 .194)scale(11.551 12.5002)\" gradientUnits=\"userSpaceOnUse\"><stop stop-color=\"#C8E4BE\" stop-opacity=\"0\"/><stop offset=\".437\" stop-color=\"#C8E4BE\" stop-opacity=\"0\"/><stop offset=\".832\" stop-color=\"#C8E4BE\"/></radialGradient><radialGradient id=\"ipuq9fl\" cx=\"0\" cy=\"0\" r=\"1\" gradientTransform=\"matrix(3.5625 -2.375 2.16411 3.24617 9.188 10.25)\" gradientUnits=\"userSpaceOnUse\"><stop stop-color=\"#E63B5F\"/><stop offset=\"1\" stop-color=\"#CC1138\"/></radialGradient></defs></g>"