width: 640
height: 480
body: "<defs><path id=\"SVGkshJweqs\" fill=\"#ff0\" d=\"M-.6.8L0-1L.6.8L-1-.3h2z\"/></defs><path fill=\"#ee1c25\" d=\"M0 0h640v480H0z\"/><use width=\"30\" height=\"20\" href=\"#SVGkshJweqs\" transform=\"matrix(71.9991 0 0 72 120 120)\"/><use width=\"30\" height=\"20\" href=\"#SVGkshJweqs\" transform=\"rotate(239.07 133.748 -44.074)scale(23.99992 23.99978)\"/><use width=\"30\" height=\"20\" href=\"#SVGkshJweqs\" transform=\"rotate(-98.11 185.558 -77.035)scale(24 23.9997)\"/><use width=\"30\" height=\"20\" href=\"#SVGkshJweqs\" transform=\"matrix(6.5991 -23.0749 23.0746 6.59919 288 168)\"/><use width=\"30\" height=\"20\" href=\"#SVGkshJweqs\" transform=\"matrix(14.9991 -18.73557 18.73533 14.99929 240 216)\"/>"